#time0col7[msb-lsb],time0col6[msb-lst],....,time0col0[msb-lst]#
#time1col7[msb-lsb],time1col6[msb-lst],....,time1col0[msb-lst]#
#................#
00000000000000000000000000000000000000000000000000000000000000000000000000000000000000000000000000000000000000000000000000000000
00000000000000000000000000000000000000000000000000000000000000000000000000000000000000000000000000000000000000000000000000000000
00000000000000000000000000000000000000000000000000000000000000000000000000000000000000000000000000000000000000000000000000000000
00000000000000000000000000000000000000000000000000000000000000000000000000000000000000000000000000000000000000000000000000000000
00000000000000000000000000000000000000000000000000000000000000000000000000000000000000000000000000000000000000000000000000000000
00000000000000000000000000000000000000000000000000000000000000000000000000000000000000000000000000000000000000000000000000000000
00000000000000000000000000000000000000000000000000000000000000000000000000000000000000000000000000000000000000000000000000000000
00000000000000000000000000000000000000000000000000000000000000000000000000000000000000000000000000000000000000000000000000000000
00000000000000000000000000000000000000000000000000000000000000000000000000000000000000000000000000000000000000000000000000000000
00000000000000000000000000000000000000000000000000000000000000000000000000000000000000000000000000000000000000000000000000000000
00000000000000000000000000000000000000000000000000000000000000000000000000000000000000000000000000000000000000000000000000000000
00000000000010110000000000011100000000000000000000000000000101000000000000000011000000000001010000000000000010000000000000000000
00000000000010000000000000111000000000000000000000000000000010001111111111110001000000000001110011111111111100110000000000000000
00000000000011010000000000010101000000000000000000000000001000001111111111111010000000000010111011111111111111100000000000000000
00000000000010110000000000100100000000000000000000000000000110100000000000001001000000000001110100000000000100110000000000000000
00000000000010010000000000011110000000000000000000000000000011000000000000001100000000000000110100000000000100110000000000000000
00000000000000110000000000011000000000000000000000000000000011101111111111111101000000000000101111111111111111010000000000000000
00000000000000110000000000100111000000000000000000000000000010101111111111111010000000000000111111111111111111010000000000000000
00000000000101000000000000100100000000000000000000000000000101000000000000000011000000000010111100000000000010110000000000000000
00000000000000000000000000000000000000000000000000000000000000000000000000000000000000000000000000000000000000000000000000000000
00000000000000000000000000000000000000000000000000000000000000000000000000000000000000000000000000000000000000000000000000000000
00000000000100001111111111101111000000000000000000000000001011000000000000001100000000000001111100000000000100010000000000000000
00000000000000110000000000010101000000000000000000000000000011000000000000000000000000000000100000000000000000000000000000000000
00000000000001111111111111110110000000000000000000000000001011000000000000001100000000000001111100000000000100010000000000000000
00000000000011110000000000000010000000000000000000000000001001000000000000010010000000000001110100000000000110110000000000000000
00000000000010110000000000001011000000000000000000000000001010000000000000000110000000000001111000000000000010100000000000000000
00000000000001110000000000011000000000000000000000000000001111101111111111101011000000000011010111111111111010110000000000000000
00000000000010100000000000001001000000000000000000000000000111000000000000000000000000000001100000000000000000010000000000000000
00000000000101000000000000001101000000000000000000000000000100000000000000010010000000000010001000000000000110110000000000000000
00000000000000000000000000000000000000000000000000000000000000000000000000000000000000000000000000000000000000000000000000000000
00000000000000000000000000000000000000000000000000000000000000000000000000000000000000000000000000000000000000000000000000000000
00000000000101110000000000000011000000000000000000000000000110100000000000000000000000000010010100000000000000110000000000000000
00000000000010010000000000000001000000000000000000000000000100100000000000000011000000000000110000000000000001000000000000000000
00000000000011011111111111111011000000000000000000000000001101000000000000001100000000000010110100000000000101000000000000000000
00000000000100010000000000010111000000000000000000000000001011001111111111111101000000000011010000000000000000110000000000000000
00000000000100110000000000001110000000000000000000000000001001001111111111111101000000000011000100000000000000000000000000000000
00000000000110101111111111111101000000000000000000000000001010101111111111111101000000000011111000000000000000010000000000000000
00000000000110100000000000010101000000000000000000000000000000101111111111111010000000000010100111111111111111000000000000000000
00000000000111001111111111111110000000000000000011111111111111000000000000011000000000000001011100000000001000000000000000000000
00000000000000000000000000000000000000000000000000000000000000000000000000000000000000000000000000000000000000000000000000000000
00000000000000000000000000000000000000000000000000000000000000000000000000000000000000000000000000000000000000000000000000000000
00000000000110000000000000010011000000000000000011111111111100100000000000001001000000000001001000000000000011010000000000000000
00000000000101001111111111111011000000000000000000000000000101000000000000000000000000000010010100000000000000010000000000000000
00000000000101000000000000001011000000000000000000000000001100000000000000000011000000000011110000000000000011000000000000000000
00000000000100100000000000100010000000000000000000000000000110101111111111111101000000000010101000000000000000100000000000000000
00000000000111100000000000000110000000000000000000000000000001100000000000010010000000000010101000000000000110110000000000000000
00000000000110000000000000110011000000000000000000000000000111001111111111111101000000000011100100000000000010000000000000000000
00000000000100110000000000100010000000000000000000000000001000001111111111110001000000000011110011111111111101100000000000000000
00000000000110100000000000010100000000000000000011111111111111100000000000001001000000000001100000000000000011100000000000000000
00000000000000000000000000000000000000000000000000000000000000000000000000000000000000000000000000000000000000000000000000000000
00000000000000000000000000000000000000000000000000000000000000000000000000000000000000000000000000000000000000000000000000000000
00000000000100010000000000101101000000000000000011111111111110001111111111111101000000000001001011111111111111110000000000000000
00000000000101010000000000000101000000000000000000000000000011000000000000000000000000000010010100000000000000100000000000000000
00000000000101011111111111110111000000000000000000000000001010100000000000001111000000000011000100000000000110100000000000000000
00000000000101100000000000101010000000000000000011111111111110000000000000000110000000000001011100000000000011100000000000000000
00000000000111100000000000001010000000000000000000000000000001000000000000001100000000000010101000000000000101100000000000000000
00000000000101010000000000011001000000000000000000000000000101000000000000001111000000000010010000000000000110110000000000000000
00000000000101010000000000001011000000000000000000000000000010000000000000001111000000000001100100000000000101110000000000000000
00000000000011000000000000110010000000000000000000000000000010101111111111110111000000000001100011111111111110100000000000000000
00000000000000000000000000000000000000000000000000000000000000000000000000000000000000000000000000000000000000000000000000000000
00000000000000000000000000000000000000000000000000000000000000000000000000000000000000000000000000000000000000000000000000000000
00000000000010110000000000011100000000000000000000000000000010101111111111111101000000000001001111111111111111110000000000000000
00000000000100100000000000010010000000000000000000000000000111000000000000001001000000000010011000000000000100010000000000000000
00000000000101110000000000000000000000000000000000000000000101000000000000001111000000000001111100000000000110000000000000000000
00000000000001100000000000011011000000000000000000000000000100001111111111110001000000000001100011111111111101000000000000000000
00000000000011010000000000000110000000000000000000000000000100101111111111111010000000000010000111111111111111100000000000000000
00000000000100110000000000011011000000000000000011111111111110001111111111111010000000000001011111111111111111100000000000000000
00000000000011010000000000011100000000000000000011111111111111001111111111111101000000000000111100000000000000000000000000000000
00000000000001010000000000100001000000000000000000000000000011001111111111110111000000000000110111111111111101110000000000000000
00000000000000000000000000000000000000000000000000000000000000000000000000000000000000000000000000000000000000000000000000000000
00000000000000000000000000000000000000000000000000000000000000000000000000000000000000000000000000000000000000000000000000000000
00000000000011010000000000100010000000000000000000000000000000101111111111110100000000000001001111111111111101000000000000000000
00000000000100101111111111110111000000000000000000000000000000100000000000011000000000000001000000000000001000000000000000000000
00000000000101110000000000000110000000000000000000000000000010100000000000001111000000000001111000000000000101110000000000000000
00000000000010000000000000110010000000000000000000000000000001001111111111101000000000000001101111111111111010000000000000000000
00000000000010000000000000110000000000000000000000000000000000001111111111101110000000000001010111111111111011100000000000000000
00000000000010010000000000101110000000000000000011111111111111101111111111110001000000000001001011111111111100010000000000000000
00000000000010000000000000100011000000000000000011111111111110101111111111110111000000000000110011111111111101110000000000000000
00000000000010100000000000011100000000000000000000000000000100101111111111111010000000000001000111111111111110110000000000000000
00000000000000000000000000000000000000000000000000000000000000000000000000000000000000000000000000000000000000000000000000000000
00000000000000000000000000000000000000000000000000000000000000000000000000000000000000000000000000000000000000000000000000000000
00000000000001100000000000101100000000000000000000000000000110101111111111101110000000000001110111111111111011110000000000000000
00000000000010100000000000000111000000000000000011111111111101100000000000001001000000000000011000000000000011010000000000000000
00000000000011100000000000001101000000000000000000000000000011100000000000001100000000000001101100000000000101000000000000000000
00000000000010100000000000101011000000000000000000000000000101001111111111110111000000000010001011111111111111000000000000000000
00000000000010110000000000101110000000000000000000000000000001101111111111111010000000000001100111111111111111100000000000000000
00000000000011100000000000101001000000000000000000000000000001000000000000000000000000000001011000000000000001010000000000000000
00000000000011110000000000010011000000000000000000000000000101100000000000000000000000000010001000000000000001010000000000000000
00000000000011110000000000010001000000000000000000000000000110100000000000000000000000000010000100000000000001010000000000000000
00000000000000000000000000000000000000000000000000000000000000000000000000000000000000000000000000000000000000000000000000000000
00000000000000000000000000000000000000000000000000000000000000000000000000000000000000000000000000000000000000000000000000000000
00000000000000000000000000000000000000000000000000000000000000000000000000000000000000000000000000000000000000000000000000000000
00000000000000000000000000000000000000000000000000000000000000000000000000000000000000000000000000000000000000000000000000000000
00000000000000000000000000000000000000000000000000000000000000000000000000000000000000000000000000000000000000000000000000000000
00000000000000000000000000000000000000000000000000000000000000000000000000000000000000000000000000000000000000000000000000000000
00000000000000000000000000000000000000000000000000000000000000000000000000000000000000000000000000000000000000000000000000000000
00000000000000000000000000000000000000000000000000000000000000000000000000000000000000000000000000000000000000000000000000000000
00000000000000000000000000000000000000000000000000000000000000000000000000000000000000000000000000000000000000000000000000000000
00000000000000000000000000000000000000000000000000000000000000000000000000000000000000000000000000000000000000000000000000000000
00000000000000000000000000000000000000000000000000000000000000000000000000000000000000000000000000000000000000000000000000000000
