#time0col7[msb-lsb],time0col6[msb-lst],....,time0col0[msb-lst]#
#time1col7[msb-lsb],time1col6[msb-lst],....,time1col0[msb-lst]#
#................#
00000000000000000000000000000000000000000000000000000000000000000000000000000000000000000000000000000000000000000000000000000000
00000000000000000000000000000000000000000000000000000000000000000000000000000000000000000000000000000000000000000000000000000000
00000000000000000000000000000000000000000000000000000000000000000000000000000000000000000000000000000000000000000000000000000000
00000000000000000000000000000000000000000000000000000000000000000000000000000000000000000000000000000000000000000000000000000000
00000000000000000000000000000000000000000000000000000000000000000000000000000000000000000000000000000000000000000000000000000000
00000000000000000000000000000000000000000000000000000000000000000000000000000000000000000000000000000000000000000000000000000000
00000000000000000000000000000000000000000000000000000000000000000000000000000000000000000000000000000000000000000000000000000000
00000000000000000000000000000000000000000000000000000000000000000000000000000000000000000000000000000000000000000000000000000000
00000000000000000000000000000000000000000000000000000000000000000000000000000000000000000000000000000000000000000000000000000000
00000000000000000000000000000000000000000000000000000000000000000000000000000000000000000000000000000000000000000000000000000000
00000000000000000000000000000000000000000000000000000000000000000000000000000000000000000000000000000000000000000000000000000000
00000000000001010000000000000101000000000000000000000000000001010000000000000101000000000001000100000000000011110000000000000010
00000000000010100000000000000010000000000000000000000000000010100000000000000010000000000000011100000000000001100000000000000001
00000000000010000000000000000100000000000000000000000000000010000000000000000100000000000000111000000000000011000000000000000110
00000000000001100000000000001010000000000000000000000000000001100000000000001010000000000010011100000000000111100000000000000010
00000000000001100000000000000111000000000000000000000000000001100000000000000111000000000001001000000000000101010000000000000001
00000000000001110000000000000000000000000000000000000000000001110000000000000000111111111111010100000000000000000000000000000010
00000000000001100000000000000011000000000000000000000000000001100000000000000011000000000000110000000000000010010000000000000000
00000000000010100000000000001000000000000000000000000000000010100000000000001000000000000001100100000000000110000000000000000101
00000000000000000000000000000000000000000000000000000000000000000000000000000000000000000000000000000000000000000000000000000000
00000000000000000000000000000000000000000000000000000000000000000000000000000000000000000000000000000000000000000000000000000000
00000000000000010000000000000101000000000000000000000000000000010000000000000101000000000001000000000000000011110000000000000111
00000000000001110000000000000000000000000000000000000000000001110000000000000000111111111111001000000000000000000000000000000010
00000000000001010000000000000101000000000000000000000000000001010000000000000101000000000000100000000000000011110000000000000111
00000000000000110000000000001001000000000000000000000000000000110000000000001001000000000001111000000000000110110000000000000101
00000000000001110000000000000100000000000000000000000000000001110000000000000100000000000000010000000000000011000000000000000110
00000000000010010000000000000000000000000000000000000000000010010000000000000000000000000000001100000000000000000000000000001000
00000000000001100000000000000001000000000000000000000000000001100000000000000001111111111111101000000000000000110000000000000101
00000000000001110000000000001001000000000000000000000000000001110000000000001001000000000001011000000000000110110000000000000101
00000000000000000000000000000000000000000000000000000000000000000000000000000000000000000000000000000000000000000000000000000000
00000000000000000000000000000000000000000000000000000000000000000000000000000000000000000000000000000000000000000000000000000000
00000000000000110000000000000011000000000000000000000000000000110000000000000011000000000000110000000000000010010000000000000110
00000000000000100000000000000001000000000000000000000000000000100000000000000001111111111111111100000000000000110000000000000011
00000000000001010000000000001000000000000000000000000000000001010000000000001000000000000001101000000000000110000000000000001000
00000000000010000000000000000110000000000000000000000000000010000000000000000110000000000001011100000000000100100000000000000111
00000000000010010000000000000011000000000000000000000000000010010000000000000011000000000000001100000000000010010000000000001000
00000000000001100000000000000100000000000000000000000000000001100000000000000100000000000000111100000000000011000000000000001010
00000000000001110000000000000010000000000000000000000000000001110000000000000010000000000000010000000000000001100000000000000101
00000000000000110000000000001000000000000000000000000000000000110000000000001000000000000001001000000000000110000000000000000100
00000000000000000000000000000000000000000000000000000000000000000000000000000000000000000000000000000000000000000000000000000000
00000000000000000000000000000000000000000000000000000000000000000000000000000000000000000000000000000000000000000000000000000000
00000000000001010000000000000100000000000000000000000000000001010000000000000100000000000000010100000000000011000000000000000010
00000000000001010000000000000001000000000000000000000000000001010000000000000001111111111111110000000000000000110000000000000111
00000000000001100000000000001001000000000000000000000000000001100000000000001001000000000010011100000000000110110000000000001000
00000000000010010000000000000101000000000000000000000000000010010000000000000101000000000000111100000000000011110000000000000101
00000000000001100000000000001001000000000000000000000000000001100000000000001001000000000001100000000000000110110000000000000110
00000000000010000000000000001011000000000000000000000000000010000000000000001011000000000011010100000000001000010000000000000100
00000000000010000000000000000101000000000000000000000000000010000000000000000101000000000001110100000000000011110000000000000110
00000000000001010000000000000101000000000000000000000000000001010000000000000101000000000000101100000000000011110000000000000011
00000000000000000000000000000000000000000000000000000000000000000000000000000000000000000000000000000000000000000000000000000000
00000000000000000000000000000000000000000000000000000000000000000000000000000000000000000000000000000000000000000000000000000000
00000000000010010000000000000010000000000000000000000000000010010000000000000010111111111111110100000000000001100000000000000001
00000000000001100000000000000010000000000000000000000000000001100000000000000010000000000000000000000000000001100000000000000110
00000000000000010000000000001011000000000000000000000000000000010000000000001011000000000011000100000000001000010000000000000111
00000000000001010000000000001000000000000000000000000000000001010000000000001000000000000010000000000000000110000000000000000000
00000000000000100000000000001010000000000000000000000000000000100000000000001010000000000010110000000000000111100000000000000100
00000000000001000000000000001100000000000000000000000000000001000000000000001100000000000011000100000000001001000000000000000011
00000000000000110000000000001000000000000000000000000000000000110000000000001000000000000001101100000000000110000000000000000011
00000000000010000000000000000011000000000000000000000000000010000000000000000011000000000000101100000000000010010000000000000001
00000000000000000000000000000000000000000000000000000000000000000000000000000000000000000000000000000000000000000000000000000000
00000000000000000000000000000000000000000000000000000000000000000000000000000000000000000000000000000000000000000000000000000000
00000000000001100000000000000010000000000000000000000000000001100000000000000010000000000000001100000000000001100000000000000010
00000000000001100000000000001000000000000000000000000000000001100000000000001000000000000001101100000000000110000000000000000101
00000000000000000000000000001001000000000000000000000000000000000000000000001001000000000010011100000000000110110000000000000100
00000000000000000000000000000011000000000000000000000000000000000000000000000011000000000010000100000000000010010000000000000000
00000000000000000000000000000100000000000000000000000000000000000000000000000100000000000001111000000000000011000000000000000011
00000000000000010000000000000100000000000000000000000000000000010000000000000100000000000001110000000000000011000000000000000000
00000000000000110000000000000011000000000000000000000000000000110000000000000011000000000000111100000000000010010000000000000000
00000000000001100000000000000000000000000000000000000000000001100000000000000000111111111111110100000000000000000000000000000001
00000000000000000000000000000000000000000000000000000000000000000000000000000000000000000000000000000000000000000000000000000000
00000000000000000000000000000000000000000000000000000000000000000000000000000000000000000000000000000000000000000000000000000000
00000000000001010000000000000000000000000000000000000000000001010000000000000000000000000000001000000000000000000000000000000001
00000000000000010000000000001000000000000000000000000000000000010000000000001000000000000001011000000000000110000000000000000011
00000000000000110000000000001000000000000000000000000000000000110000000000001000000000000001101100000000000110000000000000000100
00000000000001100000000000000000000000000000000000000000000001100000000000000000000000000000110000000000000000000000000000000000
00000000000001110000000000000000000000000000000000000000000001110000000000000000000000000000010000000000000000000000000000000000
00000000000001110000000000000000000000000000000000000000000001110000000000000000000000000000000100000000000000000000000000000000
00000000000001100000000000000000000000000000000000000000000001100000000000000000111111111111110100000000000000000000000000000000
00000000000001010000000000000001000000000000000000000000000001010000000000000001000000000000001000000000000000110000000000000010
00000000000000000000000000000000000000000000000000000000000000000000000000000000000000000000000000000000000000000000000000000000
00000000000000000000000000000000000000000000000000000000000000000000000000000000000000000000000000000000000000000000000000000000
00000000000001110000000000000001000000000000000000000000000001110000000000000001000000000000101000000000000000110000000000000010
00000000000000010000000000000100000000000000000000000000000000010000000000000100000000000000110100000000000011000000000000000000
00000000000001000000000000001000000000000000000000000000000001000000000000001000000000000001110000000000000110000000000000000011
00000000000001110000000000000101000000000000000000000000000001110000000000000101000000000001100100000000000011110000000000000010
00000000000010000000000000000100000000000000000000000000000010000000000000000100000000000000111000000000000011000000000000000001
00000000000001110000000000000101000000000000000000000000000001110000000000000101000000000001000000000000000011110000000000000001
00000000000001010000000000000101000000000000000000000000000001010000000000000101000000000001010000000000000011110000000000000100
00000000000001000000000000000101000000000000000000000000000001000000000000000101000000000001011000000000000011110000000000000100
00000000000000000000000000000000000000000000000000000000000000000000000000000000000000000000000000000000000000000000000000000000
00000000000000000000000000000000000000000000000000000000000000000000000000000000000000000000000000000000000000000000000000000000
00000000000000000000000000000000000000000000000000000000000000000000000000000000000000000000000000000000000000000000000000000000
00000000000000000000000000000000000000000000000000000000000000000000000000000000000000000000000000000000000000000000000000000000
00000000000000000000000000000000000000000000000000000000000000000000000000000000000000000000000000000000000000000000000000000000
00000000000000000000000000000000000000000000000000000000000000000000000000000000000000000000000000000000000000000000000000000000
00000000000000000000000000000000000000000000000000000000000000000000000000000000000000000000000000000000000000000000000000000000
00000000000000000000000000000000000000000000000000000000000000000000000000000000000000000000000000000000000000000000000000000000
00000000000000000000000000000000000000000000000000000000000000000000000000000000000000000000000000000000000000000000000000000000
00000000000000000000000000000000000000000000000000000000000000000000000000000000000000000000000000000000000000000000000000000000
00000000000000000000000000000000000000000000000000000000000000000000000000000000000000000000000000000000000000000000000000000000
