#time0col7[msb-lsb],time0col6[msb-lst],....,time0col0[msb-lst]#
#time1col7[msb-lsb],time1col6[msb-lst],....,time1col0[msb-lst]#
#................#
00000000000000000000000000000000000000000000000000000000000000000000000000000000000000000000000000000000000000000000000000000000
00000000000000000000000000000000000000000000000000000000000000000000000000000000000000000000000000000000000000000000000000000000
00000000000000000000000000000000000000000000000000000000000000000000000000000000000000000000000000000000000000000000000000000000
00000000000000000000000000000000000000000000000000000000000000000000000000000000000000000000000000000000000000000000000000000000
00000000000000000000000000000000000000000000000000000000000000000000000000000000000000000000000000000000000000000000000000000000
00000000000000000000000000000000000000000000000000000000000000000000000000000000000000000000000000000000000000000000000000000000
00000000000000000000000000000000000000000000000000000000000000000000000000000000000000000000000000000000000000000000000000000000
00000000000000000000000000000000000000000000000000000000000000000000000000000000000000000000000000000000000000000000000000000000
00000000000000000000000000000000000000000000000000000000000000000000000000000000000000000000000000000000000000000000000000000000
00000000000000000000000000000000000000000000000000000000000000000000000000000000000000000000000000000000000000000000000000000000
00000000000000000000000000000000000000000000000000000000000000000000000000000000000000000000000000000000000000000000000000000000
11111111111110001111111111111100000000000000000000000000000000001111111111110110000000000000000000000000000001010000000000010100
00000000000000110000000000001011000000000000000000000000000000000000000000010010111111111110010000000000000000101111111111011000
00000000000001100000000000001011000000000000000000000000000001000000000000001000111111111101101100000000000001001111111111011110
11111111111011100000000000011000000000000000000011111111111110011111111111100100000000000000001100000000000010101111111111101010
11111111111100110000000000001011000000000000000000000000000001001111111111110000000000000000000100000000000001110000000000000000
00000000000000101111111111111000000000000000000000000000000011010000000000001110111111111110111100000000000000000000000000001110
11111111111110100000000000001011000000000000000011111111111111010000000000000000111111111111101000000000000000111111111111101100
00000000000000010000000000010111000000000000000000000000000001000000000000000000111111111101101100000000000010001111111111001100
00000000000000000000000000000000000000000000000000000000000000000000000000000000000000000000000000000000000000000000000000000000
00000000000000000000000000000000000000000000000000000000000000000000000000000000000000000000000000000000000000000000000000000000
11111111111111011111111111101010000000000000000000000000000001101111111111101110111111111111111000000000000001010000000000111110
00000000000000101111111111110111000000000000000000000000000100000000000000001110111111111110111100000000000000000000000000010010
11111111111111010000000000000101000000000000000000000000000011101111111111110110111111111110110100000000000001010000000000001000
11111111111100110000000000000011000000000000000000000000000000101111111111100010000000000000001100000000000010010000000000011000
11111111111111101111111111110101000000000000000000000000000011101111111111111110111111111110111100000000000001000000000000100010
00000000000010001111111111110010000000000000000000000000000001010000000000010010111111111101110100000000000000000000000000001110
00000000000001011111111111101110000000000000000000000000000011100000000000001010111111111110101100000000000000010000000000100010
11111111111111010000000000010010000000000000000000000000000010101111111111110100111111111110011100000000000010011111111111100110
00000000000000000000000000000000000000000000000000000000000000000000000000000000000000000000000000000000000000000000000000000000
00000000000000000000000000000000000000000000000000000000000000000000000000000000000000000000000000000000000000000000000000000000
00000000000010001111111111100101000000000000000000000000000000110000000000000010111111111110111000000000000000110000000000101100
00000000000000011111111111101010000000000000000000000000000001110000000000000000111111111111110100000000000000010000000000110000
11111111111110100000000000001011000000000000000000000000000001101111111111101100111111111110111000000000000010001111111111111110
00000000000000010000000000000100000000000000000000000000000000101111111111111110111111111110001100000000000001101111111111110110
00000000000011001111111111111000000000000000000000000000000011100000000000010000111111111101001100000000000000110000000000000000
00000000000100001111111111110101000000000000000000000000000001110000000000001010111111111101000100000000000001000000000000000000
00000000000100111111111111110110000000000000000000000000000001110000000000011000111111111101001000000000000000101111111111110000
00000000000000101111111111111110000000000000000000000000000010101111111111110100111111111110111100000000000010000000000000001000
00000000000000000000000000000000000000000000000000000000000000000000000000000000000000000000000000000000000000000000000000000000
00000000000000000000000000000000000000000000000000000000000000000000000000000000000000000000000000000000000000000000000000000000
00000000000010001111111111110111000000000000000000000000000010010000000000001000111111111110100100000000000001000000000000000100
00000000000100011111111111101110000000000000000000000000000011100000000000010010111111111101100000000000000000010000000000001110
11111111111111100000000000010001000000000000000011111111111111001111111111110000111111111110010100000000000010011111111111100010
00000000000000110000000000000001000000000000000000000000000001010000000000000110111111111110001000000000000001011111111111110110
00000000000001100000000000001100000000000000000000000000000010011111111111111010111111111101110000000000000010011111111111100010
11111111111110000000000000011001000000000000000011111111111100001111111111101110111111111110111000000000000010111111111111001110
00000000000010000000000000001110000000000000000011111111111110000000000000001000111111111101100000000000000001011111111111001100
00000000000001011111111111110001000000000000000000000000000001110000000000000010111111111110111000000000000001010000000000010110
00000000000000000000000000000000000000000000000000000000000000000000000000000000000000000000000000000000000000000000000000000000
00000000000000000000000000000000000000000000000000000000000000000000000000000000000000000000000000000000000000000000000000000000
00000000000001111111111111111000000000000000000000000000000010100000000000010100111111111110010100000000000000101111111111111110
00000000000100001111111111110111000000000000000000000000000011000000000000010010111111111101011000000000000000101111111111111010
11111111111101110000000000010000000000000000000011111111111101111111111111011100111111111111101000000000000010111111111111110100
11111111111110100000000000001010000000000000000011111111111110001111111111110100111111111111101100000000000010001111111111101100
00000000000000000000000000001110000000000000000011111111111101101111111111101100111111111111000000000000000010101111111111100000
11111111111100010000000000010110000000000000000011111111111101101111111111011110000000000000000100000000000011001111111111101010
11111111111110110000000000000100000000000000000000000000000000001111111111101110111111111111101000000000000010000000000000000010
11111111111111111111111111111101000000000000000011111111111111110000000000001000111111111111001000000000000000111111111111111110
00000000000000000000000000000000000000000000000000000000000000000000000000000000000000000000000000000000000000000000000000000000
00000000000000000000000000000000000000000000000000000000000000000000000000000000000000000000000000000000000000000000000000000000
00000000000000101111111111111000000000000000000000000000000001010000000000001000111111111111000100000000000000100000000000001010
11111111111110110000000000001001000000000000000000000000000000101111111111110010111111111111000000000000000010001111111111111000
11111111111110001111111111111110000000000000000011111111111110001111111111100010000000000000010100000000000010010000000000010100
11111111111110100000000000000101000000000000000011111111111010001111111111110100000000000000100100000000000000111111111111110010
00000000000000010000000000000101000000000000000011111111111100011111111111110110111111111111100100000000000001001111111111101110
00000000000000101111111111111111000000000000000011111111111100001111111111111100111111111111110000000000000001001111111111110010
00000000000000001111111111111110000000000000000011111111111110100000000000000000111111111111101100000000000000111111111111111100
00000000000000011111111111110100000000000000000000000000000001000000000000001100111111111111011000000000000000000000000000010010
00000000000000000000000000000000000000000000000000000000000000000000000000000000000000000000000000000000000000000000000000000000
00000000000000000000000000000000000000000000000000000000000000000000000000000000000000000000000000000000000000000000000000000000
00000000000001111111111111101111000000000000000011111111111111110000000000010000111111111111000100000000000000000000000000001110
11111111111110110000000000001010000000000000000000000000000001011111111111101010111111111111101100000000000010001111111111111100
11111111111111100000000000000100000000000000000000000000000000011111111111110000111111111111010000000000000010001111111111111110
00000000000001100000000000000010000000000000000011111111111101000000000000010010111111111110110100000000000000001111111111100000
00000000000001100000000000000000000000000000000011111111111111000000000000010100111111111110101100000000000000001111111111101000
00000000000001101111111111111100000000000000000011111111111111110000000000010100111111111110110000000000000000001111111111110010
00000000000001101111111111111101000000000000000000000000000000110000000000010010111111111110110100000000000000001111111111110100
00000000000000001111111111101010000000000000000000000000000000110000000000000110111111111111101100000000000000010000000000101010
00000000000000000000000000000000000000000000000000000000000000000000000000000000000000000000000000000000000000000000000000000000
00000000000000000000000000000000000000000000000000000000000000000000000000000000000000000000000000000000000000000000000000000000
00000000000000001111111111111010000000000000000011111111111110110000000000001010111111111111001100000000000000010000000000000010
11111111111111100000000000001001000000000000000011111111111111111111111111111000111111111111110100000000000001001111111111110000
11111111111110010000000000010100000000000000000011111111111111111111111111101110111111111111011000000000000010001111111111100100
11111111111111000000000000001111000000000000000011111111111110001111111111111110111111111111000100000000000001011111111111011110
11111111111111110000000000001011000000000000000011111111111111110000000000000110111111111110110100000000000001001111111111100010
11111111111111010000000000000110000000000000000000000000000000000000000000000000111111111111001100000000000001011111111111110010
00000000000000000000000000000011000000000000000011111111111111111111111111111100111111111110111100000000000001011111111111111000
11111111111111101111111111111101000000000000000011111111111111011111111111111000111111111111011000000000000001010000000000001000
00000000000000000000000000000000000000000000000000000000000000000000000000000000000000000000000000000000000000000000000000000000
00000000000000000000000000000000000000000000000000000000000000000000000000000000000000000000000000000000000000000000000000000000
00000000000000000000000000000000000000000000000000000000000000000000000000000000000000000000000000000000000000000000000000000000
00000000000000000000000000000000000000000000000000000000000000000000000000000000000000000000000000000000000000000000000000000000
00000000000000000000000000000000000000000000000000000000000000000000000000000000000000000000000000000000000000000000000000000000
00000000000000000000000000000000000000000000000000000000000000000000000000000000000000000000000000000000000000000000000000000000
00000000000000000000000000000000000000000000000000000000000000000000000000000000000000000000000000000000000000000000000000000000
00000000000000000000000000000000000000000000000000000000000000000000000000000000000000000000000000000000000000000000000000000000
00000000000000000000000000000000000000000000000000000000000000000000000000000000000000000000000000000000000000000000000000000000
00000000000000000000000000000000000000000000000000000000000000000000000000000000000000000000000000000000000000000000000000000000
00000000000000000000000000000000000000000000000000000000000000000000000000000000000000000000000000000000000000000000000000000000
