#time0col7[msb-lsb],time0col6[msb-lst],....,time0col0[msb-lst]#
#time1col7[msb-lsb],time1col6[msb-lst],....,time1col0[msb-lst]#
#................#
00000000000000000000000000000000000000000000000000000000000000000000000000000000000000000000000000000000000000000000000000000000
00000000000000000000000000000000000000000000000000000000000000000000000000000000000000000000000000000000000000000000000000000000
00000000000000000000000000000000000000000000000000000000000000000000000000000000000000000000000000000000000000000000000000000000
00000000000000000000000000000000000000000000000000000000000000000000000000000000000000000000000000000000000000000000000000000000
00000000000000000000000000000000000000000000000000000000000000000000000000000000000000000000000000000000000000000000000000000000
00000000000000000000000000000000000000000000000000000000000000000000000000000000000000000000000000000000000000000000000000000000
00000000000000000000000000000000000000000000000000000000000000000000000000000000000000000000000000000000000000000000000000000000
00000000000000000000000000000000000000000000000000000000000000000000000000000000000000000000000000000000000000000000000000000000
00000000000000000000000000000000000000000000000000000000000000000000000000000000000000000000000000000000000000000000000000000000
00000000000000000000000000000000000000000000000000000000000000000000000000000000000000000000000000000000000000000000000000000000
00000000000000000000000000000000000000000000000000000000000000000000000000000000000000000000000000000000000000000000000000000000
00000000000000001111111111111100000000000100010000000000000000000000000000000000000000000000000000000000000000000000000000000000
00000000000000000000000000000000000000000010111100000000000000000000000000000000000000000000000000000000000000000000000000000000
00000000000000001111111111111011000000000010001000000000000000000000000000000000000000000000000000000000000000000000000000000000
00000000000000001111111111111110000000000001110000000000000000000000000000000000000000000000000000000000000000000000000000000000
00000000000000001111111111111011000000000010111100000000000000000000000000000000000000000000000000000000000000000000000000000000
00000000000000001111111111111010000000000010111000000000000000000000000000000000000000000000000000000000000000000000000000000000
00000000000000000000000000000000000000000001011000000000000000000000000000000000000000000000000000000000000000000000000000000000
00000000000000000000000000000000000000000001100100000000000000000000000000000000000000000000000000000000000000000000000000000000
00000000000000000000000000000000000000000000000000000000000000000000000000000000000000000000000000000000000000000000000000000000
00000000000000000000000000000000000000000000000000000000000000000000000000000000000000000000000000000000000000000000000000000000
00000000000000001111111111111011000000000011100000000000000000000000000000000000000000000000000000000000000000000000000000000000
00000000000000001111111111111110000000000001100100000000000000000000000000000000000000000000000000000000000000000000000000000000
00000000000000001111111111111110000000000001001000000000000000000000000000000000000000000000000000000000000000000000000000000000
00000000000000001111111111111001000000000001110000000000000000000000000000000000000000000000000000000000000000000000000000000000
00000000000000001111111111110100000000000011110000000000000000000000000000000000000000000000000000000000000000000000000000000000
00000000000000001111111111111000000000000011111100000000000000000000000000000000000000000000000000000000000000000000000000000000
00000000000000001111111111111010000000000001111000000000000000000000000000000000000000000000000000000000000000000000000000000000
00000000000000001111111111111110000000000000011100000000000000000000000000000000000000000000000000000000000000000000000000000000
00000000000000000000000000000000000000000000000000000000000000000000000000000000000000000000000000000000000000000000000000000000
00000000000000000000000000000000000000000000000000000000000000000000000000000000000000000000000000000000000000000000000000000000
00000000000000001111111111111100000000000010010100000000000000000000000000000000000000000000000000000000000000000000000000000000
00000000000000001111111111111010000000000001110100000000000000000000000000000000000000000000000000000000000000000000000000000000
00000000000000001111111111111101000000000000111100000000000000000000000000000000000000000000000000000000000000000000000000000000
00000000000000001111111111111100000000000001011100000000000000000000000000000000000000000000000000000000000000000000000000000000
00000000000000001111111111111010000000000010010100000000000000000000000000000000000000000000000000000000000000000000000000000000
00000000000000001111111111110110000000000010110100000000000000000000000000000000000000000000000000000000000000000000000000000000
00000000000000001111111111111010000000000011000100000000000000000000000000000000000000000000000000000000000000000000000000000000
00000000000000001111111111111011000000000000100000000000000000000000000000000000000000000000000000000000000000000000000000000000
00000000000000000000000000000000000000000000000000000000000000000000000000000000000000000000000000000000000000000000000000000000
00000000000000000000000000000000000000000000000000000000000000000000000000000000000000000000000000000000000000000000000000000000
00000000000000001111111111111010000000000010011100000000000000000000000000000000000000000000000000000000000000000000000000000000
00000000000000001111111111111000000000000010100100000000000000000000000000000000000000000000000000000000000000000000000000000000
00000000000000001111111111111100000000000001110100000000000000000000000000000000000000000000000000000000000000000000000000000000
00000000000000001111111111111100000000000001001100000000000000000000000000000000000000000000000000000000000000000000000000000000
00000000000000001111111111111001000000000001011100000000000000000000000000000000000000000000000000000000000000000000000000000000
00000000000000001111111111111001000000000010001100000000000000000000000000000000000000000000000000000000000000000000000000000000
00000000000000001111111111111110000000000010111000000000000000000000000000000000000000000000000000000000000000000000000000000000
00000000000000001111111111111011000000000001110000000000000000000000000000000000000000000000000000000000000000000000000000000000
00000000000000000000000000000000000000000000000000000000000000000000000000000000000000000000000000000000000000000000000000000000
00000000000000000000000000000000000000000000000000000000000000000000000000000000000000000000000000000000000000000000000000000000
00000000000000001111111111111010000000000011101000000000000000000000000000000000000000000000000000000000000000000000000000000000
00000000000000001111111111111010000000000011011100000000000000000000000000000000000000000000000000000000000000000000000000000000
00000000000000000000000000000000000000000000010000000000000000000000000000000000000000000000000000000000000000000000000000000000
00000000000000001111111111111100000000000000001100000000000000000000000000000000000000000000000000000000000000000000000000000000
00000000000000001111111111111011000000000000010000000000000000000000000000000000000000000000000000000000000000000000000000000000
00000000000000001111111111111111000000000000010000000000000000000000000000000000000000000000000000000000000000000000000000000000
00000000000000001111111111111100111111111111111100000000000000000000000000000000000000000000000000000000000000000000000000000000
00000000000000001111111111111100000000000001101100000000000000000000000000000000000000000000000000000000000000000000000000000000
00000000000000000000000000000000000000000000000000000000000000000000000000000000000000000000000000000000000000000000000000000000
00000000000000000000000000000000000000000000000000000000000000000000000000000000000000000000000000000000000000000000000000000000
00000000000000001111111111111010000000000011101100000000000000000000000000000000000000000000000000000000000000000000000000000000
00000000000000001111111111111110000000000100011000000000000000000000000000000000000000000000000000000000000000000000000000000000
00000000000000000000000000000000000000000010010000000000000000000000000000000000000000000000000000000000000000000000000000000000
00000000000000001111111111111100000000000010000000000000000000000000000000000000000000000000000000000000000000000000000000000000
00000000000000001111111111111110000000000001011000000000000000000000000000000000000000000000000000000000000000000000000000000000
00000000000000001111111111111110000000000010000000000000000000000000000000000000000000000000000000000000000000000000000000000000
00000000000000001111111111111101000000000001110000000000000000000000000000000000000000000000000000000000000000000000000000000000
00000000000000001111111111111010000000000011001000000000000000000000000000000000000000000000000000000000000000000000000000000000
00000000000000000000000000000000000000000000000000000000000000000000000000000000000000000000000000000000000000000000000000000000
00000000000000000000000000000000000000000000000000000000000000000000000000000000000000000000000000000000000000000000000000000000
00000000000000001111111111111011000000000011111000000000000000000000000000000000000000000000000000000000000000000000000000000000
00000000000000001111111111111101000000000010000000000000000000000000000000000000000000000000000000000000000000000000000000000000
00000000000000001111111111111110000000000010100000000000000000000000000000000000000000000000000000000000000000000000000000000000
00000000000000001111111111111111000000000011000100000000000000000000000000000000000000000000000000000000000000000000000000000000
00000000000000000000000000000000000000000010111000000000000000000000000000000000000000000000000000000000000000000000000000000000
00000000000000000000000000000000000000000010010100000000000000000000000000000000000000000000000000000000000000000000000000000000
00000000000000001111111111111011000000000010111000000000000000000000000000000000000000000000000000000000000000000000000000000000
00000000000000001111111111110110000000000011110000000000000000000000000000000000000000000000000000000000000000000000000000000000
00000000000000000000000000000000000000000000000000000000000000000000000000000000000000000000000000000000000000000000000000000000
00000000000000000000000000000000000000000000000000000000000000000000000000000000000000000000000000000000000000000000000000000000
00000000000000001111111111111101000000000101001100000000000000000000000000000000000000000000000000000000000000000000000000000000
00000000000000001111111111111110000000000011110100000000000000000000000000000000000000000000000000000000000000000000000000000000
00000000000000001111111111111111000000000010110100000000000000000000000000000000000000000000000000000000000000000000000000000000
00000000000000001111111111111100000000000010111000000000000000000000000000000000000000000000000000000000000000000000000000000000
00000000000000001111111111111011000000000010011100000000000000000000000000000000000000000000000000000000000000000000000000000000
00000000000000001111111111111001000000000010011100000000000000000000000000000000000000000000000000000000000000000000000000000000
00000000000000001111111111111001000000000011100000000000000000000000000000000000000000000000000000000000000000000000000000000000
00000000000000001111111111111011000000000011111000000000000000000000000000000000000000000000000000000000000000000000000000000000
00000000000000000000000000000000000000000000000000000000000000000000000000000000000000000000000000000000000000000000000000000000
00000000000000000000000000000000000000000000000000000000000000000000000000000000000000000000000000000000000000000000000000000000
00000000000000000000000000000000000000000000000000000000000000000000000000000000000000000000000000000000000000000000000000000000
00000000000000000000000000000000000000000000000000000000000000000000000000000000000000000000000000000000000000000000000000000000
00000000000000000000000000000000000000000000000000000000000000000000000000000000000000000000000000000000000000000000000000000000
00000000000000000000000000000000000000000000000000000000000000000000000000000000000000000000000000000000000000000000000000000000
00000000000000000000000000000000000000000000000000000000000000000000000000000000000000000000000000000000000000000000000000000000
00000000000000000000000000000000000000000000000000000000000000000000000000000000000000000000000000000000000000000000000000000000
00000000000000000000000000000000000000000000000000000000000000000000000000000000000000000000000000000000000000000000000000000000
00000000000000000000000000000000000000000000000000000000000000000000000000000000000000000000000000000000000000000000000000000000
00000000000000000000000000000000000000000000000000000000000000000000000000000000000000000000000000000000000000000000000000000000
