11111111
11111111
11111111
11111111
11111111
11111111
11111111
11111111
11111111
11111111
11111111
00111101010000101010100
00101011100000001101100001
010010011001101001011010001
00101101100000000101000001
01111100100001101000000
00011110000100100111
01011101111101001
001010100011010101101100001
11111111
11111111
0001110101001010001011000111
11110000100100111
00011101010010101010000
0111110110010101101110100
00001100110100100100010
00101110110110110010010
00011000100010101101000010
0111101010110010101100100001
11111111
11111111
011110011011101001011101100010
111000101111000001101
0011100010110101101101010111
001010111010000101011010101
00111010101110110110110010100
010110010001101100001010001101
0011101100100000101100100100
110010011010011101110100
11111111
11111111
00011001000110000101010100
00011010000010010101010010
011011001101100101101101000111
0100100110101010110110010101
011110110010110010100101000111
011000101010101100011100111011010111
011000010100010101001011010000
0000101000101011110101011001
11111111
11111111
0111101010000000110110010101
00001001000000100101000101
0100101110110001110010100010011
010010101011011101010011
010010110101100000011100000011
001010111011000100111100110111
011110011011010111101110101
010010000011100011011010101
11111111
11111111
01111000000000000101000101
010110111011010101101000011
00111011101100100111101101
011011101111110111
01001011100110111110111
01001010100111100010101
00111011101111101110011
01111110001101000101
11111111
11111111
00111011110001101010010
110011011010111100010000
011110101011010011101110101
011011011111101000000
01001011111100100000
01011011111100100111
01111011111101000000
0111110001000010101011001
11111111
11111111
00101100010000100100101
00011011100111100011
001110111011010111100111
011011000001010000100100001
010010111001100011011010001
01011011101010001100100111
01011011101010011101010011
01011000001010011100110100
11111111
11111111
11111111
11111111
11111111
11111111
11111111
11111111
11111111
11111111
11111111