#time0col7[msb-lsb],time0col6[msb-lst],....,time0col0[msb-lst]#
#time1col7[msb-lsb],time1col6[msb-lst],....,time1col0[msb-lst]#
#................#
00000000000000000000000000000000000000000000000000000000000000000000000000000000000000000000000000000000000000000000000000000000
00000000000000000000000000000000000000000000000000000000000000000000000000000000000000000000000000000000000000000000000000000000
00000000000000000000000000000000000000000000000000000000000000000000000000000000000000000000000000000000000000000000000000000000
00000000000000000000000000000000000000000000000000000000000000000000000000000000000000000000000000000000000000000000000000000000
00000000000000000000000000000000000000000000000000000000000000000000000000000000000000000000000000000000000000000000000000000000
00000000000000000000000000000000000000000000000000000000000000000000000000000000000000000000000000000000000000000000000000000000
00000000000000000000000000000000000000000000000000000000000000000000000000000000000000000000000000000000000000000000000000000000
00000000000000000000000000000000000000000000000000000000000000000000000000000000000000000000000000000000000000000000000000000000
00000000000000000000000000000000000000000000000000000000000000000000000000000000000000000000000000000000000000000000000000000000
00000000000000000000000000000000000000000000000000000000000000000000000000000000000000000000000000000000000000000000000000000000
00000000000000000000000000000000000000000000000000000000000000000000000000000000000000000000000000000000000000000000000000000000
00000000011000101111111111001011000000001001101011111111100111100000000000111000000000000110001011111111100100001111111110111010
00000000011000101111111110001000000000001111110011111111110010001111111111001000000000001000110011111111001011101111111111111100
00000000001110001111111110001001000000001010100000000000000000001111111111100100000000000000111011111111101110101111111111001110
00000000010101001111111100111111000000010001100000000000011100001111111111100100111111111110010011111111101110101111111110001110
00000000011100001111111101001110000000001111110000000000000000001111111111110010000000000100011011111111101011001111111111000100
00000000101011111111111111010001000000001000010111111111011011010000000001001101000000000010001111111111011011011111111110011101
00000000011101110000000000001001000000001010000111111111011011010000000010100001000000000111011111111111011011011111111110000011
00000000001111111111111111001110000000001001001111111111110111010000000001001101000000000011000111111111110011111111111111001111
00000000000000000000000000000000000000000000000000000000000000000000000000000000000000000000000000000000000000000000000000000000
00000000000000000000000000000000000000000000000000000000000000000000000000000000000000000000000000000000000000000000000000000000
00000001000110001111111111001010000000010000101011111111001011100000000011100000111111111111001011111111101110101111111101001110
00000000111111001111111101100000000000010110110011111111011001100000000010001100111111111111001011111111001111001111111110111010
00000000111101011111111101000001000000011000111111111111100101110000000010111101000000000011111111111111011011011111111101111101
00000000101010001111111101111001000000010100001011111111110101100000000001111110000000000011100011111111100100001111111101110100
00000000110100101111111101111001000000001111110011111111101110100000000001000110000000000010101011111111101011001111111110000100
00000000101011111111111110111101000000000101101111111111101100110000000001011011111111111100111111111111110000011111111110001111
00000000011111101111111111100101000000000110001011111111100100000000000001100010000000000100011011111111100100001111111110010011
00000000000011101111111111010001000000001000110000000000000011100000000000111000000000000000111000000000000000001111111111010101
00000000000000000000000000000000000000000000000000000000000000000000000000000000000000000000000000000000000000000000000000000000
00000000000000000000000000000000000000000000000000000000000000000000000000000000000000000000000000000000000000000000000000000000
00000000110001001111111110111000000000001101001011111111001111000000000010110110000000000101010011111111100000101111111111010110
00000000101010001111111101111110000000001110000011111111010110000000000001000110000000000000111011111111110101101111111111001100
00000000111011101111111101101000000000001110000011111111001000000000000010101000000000000111111011111111011001100000000000001000
00000000001110001111111111110110000000000100011011111111111100100000000000101010000000000010101011111111101110101111111111011100
00000000001111111111111111011001000000000110100100000000001000111111111111000001111111111000100100000000010110111111111110100001
00000000011000101111111111001101000000000101010000000000000011100000000000000000111111111001000000000000001110001111111110101000
00000000011100001111111110100010000000000111111011111111110010000000000000101010000000000000111011111111110010001111111111101011
00000000000001111111111110101000000000010001111111111111111110010000000000111111000000000101101111111111111110011111111110110101
00000000000000000000000000000000000000000000000000000000000000000000000000000000000000000000000000000000000000000000000000000000
00000000000000000000000000000000000000000000000000000000000000000000000000000000000000000000000000000000000000000000000000000000
00000000011100001111111111001110000000001001101011111111100100000000000001110000000000001001101011111111100100001111111111010101
00000000001010101111111111010001000000000111000011111111110101100000000000000000000000000001110000000000001010101111111111111001
00000000111001111111111101110111000000010000001111111111011011010000000001101001111111111101110111111111100101110000000001000001
00000000011111101111111110110000000000001010100011111111111001000000000001000110000000000000111011111111100111100000000000111010
00000000000000001111111111100110000000001000110000000000000000001111111110010000000000000000000011111111111001000000000000010000
11111111101110101111111111110001000000000101010000000000000111001111111111100100000000000101010000000000000000000000000000010010
11111111100111101111111110100110000000001101001000000000010001100000000000011100000000000101010000000000010001101111111111101011
11111111110111011111111110100110000000010010110111111111111010110000000000100011000000001010111111111111111010111111111111010110
00000000000000000000000000000000000000000000000000000000000000000000000000000000000000000000000000000000000000000000000000000000
00000000000000000000000000000000000000000000000000000000000000000000000000000000000000000000000000000000000000000000000000000000
00000000011010011111111111100101000000000110100111111111100101110000000001001101000000000101101111111111101001011111111111001011
00000000010001101111111111101001000000000111000011111111110010001111111111100100000000000000000011111111111001001111111111111100
00000000100001011111111110111111000000001100101111111111110000011111111111111001111111111100000111111111110011110000000000001011
00000000001110001111111111001000000000001110000011111111111100101111111111001000000000000000111011111111110010000000000000101001
00000000000001111111111111101110000000000111011100000000000001111111111111000001000000000011111111111111110011110000000000111100
00000000001100011111111111000000000000001000010100000000000001110000000000000111000000001100101111111111100010010000000010000101
11111111111100101111111111010110000000001011011000000000011000100000000000101010000000001011011011111111110101100000000000111010
11111111101110101111111111010100000000001010100000000000001010101111111111100100000000001010100011111111111001000000000000000000
00000000000000000000000000000000000000000000000000000000000000000000000000000000000000000000000000000000000000000000000000000000
00000000000000000000000000000000000000000000000000000000000000000000000000000000000000000000000000000000000000000000000000000000
00000000001110001111111111010101000000000111000011111111101110100000000000011100000000001000110011111111100111100000000000000011
00000000001111111111111110101011000000001100101111111111101001011111111110110011000000000100110111111111110000010000000000101110
11111111111100101111111111001110000000001001101000000000000000000000000000000000000000001001101011111111111001000000000001000111
11111111111001001111111111011010000000000101010000000000010001100000000000011100000000001011011011111111111001000000000001011001
00000000000000001111111111011100000000000100011000000000010101000000000000001110000000001010100011111111111001000000000001001000
00000000001110001111111110011110000000000111111000000000000011100000000000001110000000001110111011111111100111100000000001110110
11111111111110011111111111100100000000000110100100000000000001111111111111111001000000000110100111111111110011111111111111101011
11111111111110011111111111011010000000000011111111111111111110011111111111001111000000000010001111111111111010111111111110110010
00000000000000000000000000000000000000000000000000000000000000000000000000000000000000000000000000000000000000000000000000000000
00000000000000000000000000000000000000000000000000000000000000000000000000000000000000000000000000000000000000000000000000000000
00000000100011001111111110101101000000001001101011111111100100000000000001110000000000001110111011111111001111000000000000011011
00000000011111101111111101110110000000001100010011111111110101101111111111100100000000001101001011111111100000100000000001010100
00000000011101111111111111011100000000000101101111111111111010111111111110100101000000000111011111111111110011110000000000111100
00000000101000010000000000000100000000000011000111111111110011111111111111000001000000000011111111111111110000010000000000101111
00000000000011101111111111001000000000001000110011111111111100100000000000000000000000001010100011111111110010000000000000010001
00000000001000111111111111000010000000000110100111111111111110011111111111111001000000001010111111111111101100110000000000100010
00000000001000111111111111010100000000000111011111111111110111010000000000010101000000000011111111111111110000011111111111110001
00000000010001101111111111010001000000000011100011111111111100100000000000000000111111111111001011111111111100101111111110010100
00000000000000000000000000000000000000000000000000000000000000000000000000000000000000000000000000000000000000000000000000000000
00000000000000000000000000000000000000000000000000000000000000000000000000000000000000000000000000000000000000000000000000000000
00000000001000111111111111010001000000000110100111111111110111010000000000010101000000001000010111111111101100110000000000010110
00000000000101011111111111000001000000001001001100000000001100010000000000010101000000001111010111111111110011110000000000010111
00000000000111001111111111011100000000000111000000000000001110001111111110111010000000001011011011111111110101100000000000011110
00000000001000110000000000000010000000000011111100000000000101011111111111000001000000000011111100000000000101011111111111111101
11111111110111011111111111101100000000000011000100000000000001111111111111101011000000000011000100000000000001110000000000001011
11111111111110011111111111011010000000000101101111111111111010111111111111111001000000000100110111111111111010111111111111111111
00000000001000111111111111010100000000000110100111111111111010110000000000010101000000000100110111111111110011111111111111111100
00000000010001101111111111010110000000000100011011111111111100100000000000101010000000000011100011111111110010001111111111101100
00000000000000000000000000000000000000000000000000000000000000000000000000000000000000000000000000000000000000000000000000000000
00000000000000000000000000000000000000000000000000000000000000000000000000000000000000000000000000000000000000000000000000000000
00000000000000000000000000000000000000000000000000000000000000000000000000000000000000000000000000000000000000000000000000000000
00000000000000000000000000000000000000000000000000000000000000000000000000000000000000000000000000000000000000000000000000000000
00000000000000000000000000000000000000000000000000000000000000000000000000000000000000000000000000000000000000000000000000000000
00000000000000000000000000000000000000000000000000000000000000000000000000000000000000000000000000000000000000000000000000000000
00000000000000000000000000000000000000000000000000000000000000000000000000000000000000000000000000000000000000000000000000000000
00000000000000000000000000000000000000000000000000000000000000000000000000000000000000000000000000000000000000000000000000000000
00000000000000000000000000000000000000000000000000000000000000000000000000000000000000000000000000000000000000000000000000000000
00000000000000000000000000000000000000000000000000000000000000000000000000000000000000000000000000000000000000000000000000000000
00000000000000000000000000000000000000000000000000000000000000000000000000000000000000000000000000000000000000000000000000000000
