#time0col7[msb-lsb],time0col6[msb-lst],....,time0col0[msb-lst]#
#time1col7[msb-lsb],time1col6[msb-lst],....,time1col0[msb-lst]#
#................#
00000000000000000000000000000000000000000000000000000000000000000000000000000000000000000000000000000000000000000000000000000000
00000000000000000000000000000000000000000000000000000000000000000000000000000000000000000000000000000000000000000000000000000000
00000000000000000000000000000000000000000000000000000000000000000000000000000000000000000000000000000000000000000000000000000000
00000000000000000000000000000000000000000000000000000000000000000000000000000000000000000000000000000000000000000000000000000000
00000000000000000000000000000000000000000000000000000000000000000000000000000000000000000000000000000000000000000000000000000000
00000000000000000000000000000000000000000000000000000000000000000000000000000000000000000000000000000000000000000000000000000000
00000000000000000000000000000000000000000000000000000000000000000000000000000000000000000000000000000000000000000000000000000000
00000000000000000000000000000000000000000000000000000000000000000000000000000000000000000000000000000000000000000000000000000000
00000000000000000000000000000000000000000000000000000000000000000000000000000000000000000000000000000000000000000000000000000000
00000000000000000000000000000000000000000000000000000000000000000000000000000000000000000000000000000000000000000000000000000000
00000000000000000000000000000000000000000000000000000000000000000000000000000000000000000000000000000000000000000000000000000000
00000000001010101111111111001000000000000101010011111111110101100000000001000110000000001000110011111111100111101111111110111101
11111111100111101111111110001110000000001101001011111111110010000000000000111000000000001101001011111111011101001111111110101010
11111111100100001111111101010100000000000111000011111111110101101111111111110010000000000101010011111111111100101111111110100010
11111111001000001111111011101101000000001110111011111111110101101111111110000010000000000101010000000000000111001111111101100001
11111111010010101111111101001101000000001110111011111111011001100000000000000000000000000101010011111111101110101111111110111010
00000000010110111111111101110010000000000011111111111111010100010000000000100011000000000010001111111111011011011111111101111100
00000000100100111111111110110111111111111111100111111111111010110000000001110111000000000111011111111111011011011111111101111010
11111111111010111111111110100100000000000101101111111111101100110000000000100011000000000011000111111111110011111111111111010011
00000000000000000000000000000000000000000000000000000000000000000000000000000000000000000000000000000000000000000000000000000000
00000000000000000000000000000000000000000000000000000000000000000000000000000000000000000000000000000000000000000000000000000000
00000000111011101111111100111000000000001000110011111111100000100000000001110000000000001101001000000000000011101111111110000101
00000000001010101111111100010110000000010011010011111111001111000000000001010100000000010000101000000000000011101111111110101100
00000000000101011111111100011011000000001111010111111111010100010000000000010101000000001110011111111111110000011111111101101000
11111111111001001111111101000000000000001110000011111111100111101111111111110010000000001010100011111111110010001111111110000011
11111111110010001111111101101010000000001000110011111111100100000000000000000000000000000110001011111111101110101111111110100001
00000000010011011111111110001110000000000100110111111111010111111111111111101011111111111111100111111111110111011111111110011100
00000000011100001111111111010000000000000001110011111111101110100000000001000110000000000100011011111111100100001111111110010110
11111111111100101111111110011111000000001000110011111111101011001111111111010110000000000000111000000000000000001111111111100010
00000000000000000000000000000000000000000000000000000000000000000000000000000000000000000000000000000000000000000000000000000000
00000000000000000000000000000000000000000000000000000000000000000000000000000000000000000000000000000000000000000000000000000000
00000000110001001111111101111000000000000011100011111111100100000000000001111110000000001110111011111111101011001111111110011101
00000000010001101111111110000111000000001101001011111111010110000000000000101010000000001110000000000000001010100000000000001101
00000000101010001111111110110101111111111101011011111111010010100000000001111110000000001100010011111111011001101111111101110000
00000000000111001111111111000101111111111111001000000000000011100000000000000000000000000010101011111111101110101111111110101000
11111111110111011111111110000010000000000110100111111111110000011111111110100101111111111000100100000000010110111111111110111011
11111111111100101111111101110001000000000100011011111111100100001111111110011110111111111001111000000000001110001111111110101010
00000000001110001111111101100110000000000001110011111111010110001111111110111010000000000000111011111111110010001111111101101110
00000000000001111111111101100110000000010001111111111111011110111111111111000001000000000101101111111111111110011111111111010010
00000000000000000000000000000000000000000000000000000000000000000000000000000000000000000000000000000000000000000000000000000000
00000000000000000000000000000000000000000000000000000000000000000000000000000000000000000000000000000000000000000000000000000000
00000000011100001111111111100011111111111110010000000000000000000000000001110000000000001010100011111111100100001111111110010001
00000000001010101111111111010001000000000010101011111111110101100000000000000000000000000100011000000000001010101111111111010110
00000000100100111111111110001001000000000011111111111111000110010000000000111111000000000011000111111111111010111111111110000101
00000000010101001111111110000010000000000101010011111111100100001111111111110010000000000010101011111111101110101111111110101111
00000000000000001111111111010001000000001000110011111111111100101111111110000010000000000000000011111111111001000000000000000001
11111111111001001111111111011101000000000100011000000000000111001111111111100100000000000101010000000000000000001111111111110000
11111111101110101111111101010001000000001001101011111111110101101111111110101100000000000101010000000000010001101111111110111110
00000000000101011111111101111111000000010001000111111111101001011111111111011101000000001010111111111111111010111111111111001010
00000000000000000000000000000000000000000000000000000000000000000000000000000000000000000000000000000000000000000000000000000000
00000000000000000000000000000000000000000000000000000000000000000000000000000000000000000000000000000000000000000000000000000000
00000000010110111111111111110100111111111110101111111111111010110000000001101001000000000101101111111111101001011111111110101000
00000000001110001111111111011110000000000010101011111111110101101111111111110010000000000000000011111111111001001111111111010101
00000000010011011111111110001101000000001001001111111111011011011111111111000001111111111101110111111111111010111111111111001111
00000000001110001111111110000001000000001100010011111111101011001111111110000010000000000000111011111111110010001111111111100101
00000000001100011111111110110110000000000110100100000000000001111111111111000001000000000011111111111111110011111111111111101011
00000000001111111111111110001000000000000011111100000000000001110000000000111111000000001100101111111111100010011111111110101111
00000000001010101111111100111101000000001011011000000000000111001111111111100100000000001011011011111111110101101111111110110001
11111111111100101111111110001011000000001001101000000000000011101111111111001000000000001010100011111111111001001111111110110011
00000000000000000000000000000000000000000000000000000000000000000000000000000000000000000000000000000000000000000000000000000000
00000000000000000000000000000000000000000000000000000000000000000000000000000000000000000000000000000000000000000000000000000000
00000000000111001111111111010010000000000011100011111111111001000000000001100010000000001000110011111111100111101111111111010001
00000000000001111111111110111101000000001001001111111111100101111111111111111001000000000101101111111111110000011111111111110100
00000000001010101111111110100011000000000101010000000000000000000000000000001110000000001010100011111111111001001111111111000111
00000000000111001111111110101000000000000001110000000000010001100000000000011100000000001011011011111111111001001111111110111010
00000000000111001111111110010100000000000000111000000000010101000000000000000000000000001010100011111111111001001111111110100101
00000000000011101111111110100010000000000010101000000000000011100000000001100010000000001110111011111111100111101111111110101100
00000000001100011111111101101100000000000101101111111111111110011111111111011101000000000110100111111111110011111111111110011011
00000000000001111111111110000101000000000011000111111111111010111111111110110011000000000010001111111111111010111111111110010010
00000000000000000000000000000000000000000000000000000000000000000000000000000000000000000000000000000000000000000000000000000000
00000000000000000000000000000000000000000000000000000000000000000000000000000000000000000000000000000000000000000000000000000000
00000000011111101111111110100011000000000010101011111111101110100000000010110110000000001110111011111111001111001111111101111001
00000000001010101111111110110110000000000110001011111111110101100000000000111000000000001101001011111111100000101111111110101000
00000000001111111111111101101010000000000010001111111111111010110000000000111111000000000111011111111111110011111111111101110010
00000000100001011111111101010101111111111111100111111111110011110000000001011011000000000011111111111111110000011111111101001110
00000000000000001111111110111111000000000110001000000000000011100000000000111000000000001011011011111111110101101111111111010101
11111111111110011111111110110111000000000110100111111111111110010000000001001101000000001010111111111111101100111111111111011001
00000000001000111111111101111111000000000110100111111111110011110000000000010101000000000111011111111111111110011111111110111011
00000000000011101111111110001101000000000000111011111111110101101111111110111010111111111111001011111111111100101111111110001101
00000000000000000000000000000000000000000000000000000000000000000000000000000000000000000000000000000000000000000000000000000000
00000000000000000000000000000000000000000000000000000000000000000000000000000000000000000000000000000000000000000000000000000000
00000000001000111111111110100000000000000100110111111111111010110000000000111111000000001010000111111111110000011111111111001000
00000000001000111111111110100111000000000011000100000000011010010000000000100011000000001111010111111111110011111111111110010010
00000000000000001111111110100000000000000010101000000000011111101111111111100100000000001011011011111111110101101111111110101101
00000000000101011111111110011101000000000011000100000000001000110000000000100011000000000011111100000000000101011111111110110001
11111111111010111111111111100110000000000010001100000000000001111111111111111001000000000011000100000000000001111111111111111000
11111111111110011111111111011111000000000100110111111111111010110000000000000111000000000101101111111111111010111111111111110010
00000000000101011111111110110010000000000100110111111111111010110000000000000111000000000111011111111111110111011111111111010001
00000000000111001111111110100100000000000001110011111111111001000000000000001110000000000100011011111111110010001111111110110100
00000000000000000000000000000000000000000000000000000000000000000000000000000000000000000000000000000000000000000000000000000000
00000000000000000000000000000000000000000000000000000000000000000000000000000000000000000000000000000000000000000000000000000000
00000000000000000000000000000000000000000000000000000000000000000000000000000000000000000000000000000000000000000000000000000000
00000000000000000000000000000000000000000000000000000000000000000000000000000000000000000000000000000000000000000000000000000000
00000000000000000000000000000000000000000000000000000000000000000000000000000000000000000000000000000000000000000000000000000000
00000000000000000000000000000000000000000000000000000000000000000000000000000000000000000000000000000000000000000000000000000000
00000000000000000000000000000000000000000000000000000000000000000000000000000000000000000000000000000000000000000000000000000000
00000000000000000000000000000000000000000000000000000000000000000000000000000000000000000000000000000000000000000000000000000000
00000000000000000000000000000000000000000000000000000000000000000000000000000000000000000000000000000000000000000000000000000000
00000000000000000000000000000000000000000000000000000000000000000000000000000000000000000000000000000000000000000000000000000000
00000000000000000000000000000000000000000000000000000000000000000000000000000000000000000000000000000000000000000000000000000000
