00000000000000000000000000000000
00000000000000000000000000000000
00000000000000000000000000000000
00000000000000000000000000000000
00000000000000000000000000000000
00000000000000000000000000000000
00000000000000000000000000000000
00000000000000000000000000000000
00000000000000000000000000000000
00000000000000000000000000000000
00000000000000000000000000000000
01000000000001010010000001010110
01110000001100100001000010100000
01100000010001000110000010000001
01110000000010100010000001100001
00110000000001110001000001100010
00010000000000000010000001110011
01010000000000110000000001100000
01110000011010000101000010100000
00000000000000000000000000000000
00000000000000000000000000000000
00010000000001010111000000011011
00000000000000000010000001110011
00010000000001010111000001010010
00110000000010010101000000110110
00100000000001000110000001110111
01110000000000001000000010010111
00010000000100010101000001100111
00110000010110010101000001110001
00000000000000000000000000000000
00000000000000000000000000000000
00110000010000110110000000111100
00000000000000010011000000101000
01000000000110001000000001010011
01110000001101100111000010000101
01000000010100111000000010010110
01010000011101001010000001101000
01000000100100100101000001110110
00000000011110000100000000110110
00000000000000000000000000000000
00000000000000000000000000000000
00010000011101000010000001010110
00010000011000010111000001010111
10000000010010011000000001100011
01100000010001010101000010010101
00110000100110010110000001100011
11000000010110110100000010000011
10100000011001010110000010000010
00100000011001010011000001011001
00000000000000000000000000000000
00000000000000000000000000000000
00110000010100100001000010010101
00100000011100100110000001100101
01100000001110110111000000010100
01100000010110000000000001010100
01100000100010100100000000100100
01110000001111000011000001000011
00110000010010000011000000110101
01100000001000110001000010000101
00000000000000000000000000000000
00000000000000000000000000000000
00110000001000100010000001100101
01010000001110000101000001100100
01000000001110010100000000001000
10000000000000110000000000000011
01100000001101000011000000000011
01100000010101000000000000010101
01000000001100110000000000110100
00110000000000000001000001100101
00000000000000000000000000000000
00000000000000000000000000000000
01000000001100000001000001010111
00000000010010000011000000010010
00110000010110000100000000110101
10000000001100000000000001100010
01100000001100000000000001110010
01010000001100000000000001110011
00110000001100000000000001100010
00110000000000010010000001011001
00000000000000000000000000000000
00000000000000000000000000000000
01110000000000010010000001110101
00010000001101000000000000010000
01000000001110000011000001000000
10000000001001010010000001110001
01100000001101000001000010000001
01010000001101010001000001110011
01010000001101010100000001010100
01010000001001010100000001000110
00000000000000000000000000000000
00000000000000000000000000000000
00000000000000000000000000000000
00000000000000000000000000000000
00000000000000000000000000000000
00000000000000000000000000000000
00000000000000000000000000000000
00000000000000000000000000000000
00000000000000000000000000000000
00000000000000000000000000000000
00000000000000000000000000000000