00000000000000000001000000000000
00000000000000000000000000000000
00000000000000000000000000000000
00000000000000000000000000000000
00000000000000000000000000000000
00000000000000000000000000000000
00000000000000000001000000000000
00000000000000000000000000000000
11000000110000000000000000000110
00000000000000010000000000000000
00000000110100101101000011100001
00000000001011000000000000100000
11010000000000000001000000100000
00000000000000000000000000000000
00010000000000100000000000001101
00000000001011100001000000000000
00000000000000000000000000000001
00000000000000000000000000000000
00000000000100000000000000000000
00000000000100000000000000000000
00000000000000000000000000000000
00000000000000000000000000000000
00000000000000000000000000000000
00000000000000000000000000001110
00000000000000000001000000000000
00000000000000110000000000000000
00110000000000110000000011100000
00000000000000010000000000000000
00000000000000000000000000010000
00000000000000000000000000000000
00000000000000010000000000000000
00000000000000000000000000010000
00000000000000000000000001010111
00000000111001110101000000000000
01110000000000000100000010010011
00100000010101000000000001111010
01000000000011000101000001110000
00000000000000000000000000000000
01110000000000101101000001000000
11010000011100000100000000000111
00000000000000001101000000010011
00000000000000000000000000000000
00010000000000000000000000000000
00000000000000000000000000010000
00010000000000000010000000011110
00000000000000000000000000000000
00100000000000000000000000000000
00000000010000000000000000000001
00000000000000000000000000000000
00000000000000000000000000000000
00000000000000000000000000000000
00000000000000000000000000000000
00000000000000000000000000000000
00000000000000000000000000000000
00000000000000000000000000000000
00000000000000000000000000000000
00000000000000000000000000000000
11010000000001000000000000000000
00110000000100000100000000000000
11010000000000110000000000000000
00100000110000000110000000000000
00000000000000000000000000000000
00110000000000001011000001000001
00000000001000010000000000000001
00000000000000000000000000000000
00000000000000000001000000000000
00000000000000000000000000000000
00000000000000000000000000100000
00000000000000000001000000000000
00000000000000000000000000000000
00000000000000001101000000000001
00000000000000000000000011100000