#time0col7[msb-lsb],time0col6[msb-lst],....,time0col0[msb-lst]#
#time1col7[msb-lsb],time1col6[msb-lst],....,time1col0[msb-lst]#
#................#
00000000000000000000000000000000000000000000000000000000000000000000000000000000000000000000000000000000000000000000000000000000
00000000000000000000000000000000000000000000000000000000000000000000000000000000000000000000000000000000000000000000000000000000
00000000000000000000000000000000000000000000000000000000000000000000000000000000000000000000000000000000000000000000000000000000
00000000000000000000000000000000000000000000000000000000000000000000000000000000000000000000000000000000000000000000000000000000
00000000000000000000000000000000000000000000000000000000000000000000000000000000000000000000000000000000000000000000000000000000
00000000000000000000000000000000000000000000000000000000000000000000000000000000000000000000000000000000000000000000000000000000
00000000000000000000000000000000000000000000000000000000000000000000000000000000000000000000000000000000000000000000000000000000
00000000000000000000000000000000000000000000000000000000000000000000000000000000000000000000000000000000000000000000000000000000
00000000000000000000000000000000000000000000000000000000000000000000000000000000000000000000000000000000000000000000000000000000
00000000000000000000000000000000000000000000000000000000000000000000000000000000000000000000000000000000000000000000000000000000
00000000000000000000000000000000000000000000000000000000000000000000000000000000000000000000000000000000000000000000000000000000
00000000000100000000000000100100111111111110101100000000000011000000000000000111000000000001101000000000000000100000000000001000
11111111111111110000000000110011111111111110100100000000000001001111111111110110000000000010001000000000000001000000000000010001
00000000000000000000000000000110111111111110101000000000000101010000000000000100000000000001111100000000001000010000000000000111
00000000000010100000000000011100111111111110101000000000000100010000000000001101000000000000110000000000001011100000000000010110
00000000000001110000000000010111111111111111000100000000000001100000000000001011000000000000011000000000000110010000000000001101
00000000000000100000000000011101111111111111010111111111111111010000000000000100000000000000010100000000000001000000000000001000
00000000000000100000000000011011111111111111001100000000000000110000000000000100000000000000011100000000000100000000000000001100
00000000000000100000000000010111111111111110001000000000000100010000000000000101000000000010100000000000001001100000000000001111
00000000000000000000000000000000000000000000000000000000000000000000000000000000000000000000000000000000000000000000000000000000
00000000000000000000000000000000000000000000000000000000000000000000000000000000000000000000000000000000000000000000000000000000
00000000000100000000000000000001111111111110111100000000000101110000000000001101000000000001101000000000000001011111111111111001
00000000000000100000000000010110111111111111011111111111111111000000000000000110000000000000001000000000000001010000000000000110
11111111111111011111111111101101111111111110111100000000000101100000000000010000000000000000110100000000001101000000000000000010
00000000000010101111111111111011111111111110101000000000000100010000000000011111000000000000011000000000001111000000000000001001
00000000000010010000000000001011111111111110100100000000000110000000000000001100000000000001101100000000000110000000000000000010
11111111111111010000000000011010111111111110010000000000001001011111111111110010000000000011100011111111111111101111111111111100
00000000000001010000000000011011111111111110111100000000000000110000000000001010000000000000110000000000000010010000000000000101
00000000000010100000000000001001111111111110010100000000000000000000000000011110000000000000111100000000001111110000000000010100
00000000000000000000000000000000000000000000000000000000000000000000000000000000000000000000000000000000000000000000000000000000
00000000000000000000000000000000000000000000000000000000000000000000000000000000000000000000000000000000000000000000000000000000
00000000000011100000000000001111111111111110010100000000000100000000000000001010000000000010111000000000000000111111111111111101
00000000000011000000000000001111111111111111001100000000000010000000000000001011000000000000110100000000000000100000000000000000
00000000000001110000000000000101111111111110101100000000000101010000000000010001000000000000111100000000001011100000000000001010
00000000000010010000000000101000111111111101110000000000000011010000000000001100000000000010101000000000001000000000000000010000
00000000000010110000000000101110111111111101011100000000000101010000000000000101000000000011110000000000000101100000000000001110
00000000000010100000000000010100111111111101101000000000001000100000000000000001000000000100011000000000000100010000000000000010
00000000000010100000000000101110111111111110000011111111111111110000000000000011000000000011001100000000000000000000000000001011
00000000000101100000000000000100111111111110010011111111111111010000000000100101000000000001011100000000001100000000000000001101
00000000000000000000000000000000000000000000000000000000000000000000000000000000000000000000000000000000000000000000000000000000
00000000000000000000000000000000000000000000000000000000000000000000000000000000000000000000000000000000000000000000000000000000
00000000000011000000000000100001111111111110100011111111111111010000000000001010000000000010000000000000000001010000000000001001
00000000000010000000000000001001111111111110100000000000000101010000000000000100000000000010110000000000000001111111111111111101
00000000000011100000000000001011111111111110001100000000001000010000000000000111000000000010111100000000000111110000000000001000
00000000000011010000000000101010111111111110001100000000000001100000000000000110000000000010100000000000000011100000000000010000
00000000000011000000000000000000111111111110010000000000000011000000000000010101000000000010001100000000001011110000000000001011
00000000000100010000000000011101111111111101101000000000001000110000000000001000000000000011100000000000001010000000000000010001
00000000000001010000000000100101111111111110001000000000000101101111111111110100000000000011110000000000000001010000000000001011
00000000000101100000000000100010111111111110011011111111111110000000000000011001000000000001100000000000000010110000000000001010
00000000000000000000000000000000000000000000000000000000000000000000000000000000000000000000000000000000000000000000000000000000
00000000000000000000000000000000000000000000000000000000000000000000000000000000000000000000000000000000000000000000000000000000
00000000000001100000000000100011111111111110110000000000000000110000000000000100000000000001011100000000000001110000000000001010
00000000000001100000000000001011111111111110001000000000000101000000000000001010000000000010110000000000000111100000000000000101
00000000000100011111111111100010111111111101111100000000001110000000000000010110000000000011001100000000010000001111111111111111
00000000000101000000000000010000111111111110001100000000000100110000000000010011000000000010010000000000001000110000000000001100
00000000000101110000000000001111111111111110000000000000000101000000000000010010000000000010111100000000001000010000000000001100
00000000000101110000000000010001111111111110000100000000000101100000000000010010000000000010101000000000001001100000000000001111
00000000000100011111111111111101111111111110110100000000000011100000000000010101000000000001010100000000001000010000000000000110
00000000000011010000000000110101111111111110100100000000000000110000000000000011000000000001101111111111111111100000000000001110
00000000000000000000000000000000000000000000000000000000000000000000000000000000000000000000000000000000000000000000000000000000
00000000000000000000000000000000000000000000000000000000000000000000000000000000000000000000000000000000000000000000000000000000
00000000000010010000000000011110111111111111000111111111111111110000000000001010000000000000100100000000000010110000000000001011
00000000000001000000000000011001111111111110111000000000000010100000000000000101000000000001000000000000000110110000000000001111
00000000000101010000000000001100111111111110101100000000000101000000000000001111000000000001110000000000000100110000000000000110
00000000000100100000000000011100111111111111001000000000000100000000000000000100000000000001001000000000000001000000000000001010
00000000000011010000000000001100111111111111000100000000000100000000000000000100000000000001100100000000000011000000000000000111
00000000000100000000000000011110111111111111001000000000000000000000000000000101000000000001010011111111111111010000000000001010
00000000000010100000000000100000111111111111000111111111111110110000000000000110000000000001000000000000000001000000000000001100
00000000000010010000000000101101111111111111000111111111111111011111111111111110000000000001010011111111111101010000000000001011
00000000000000000000000000000000000000000000000000000000000000000000000000000000000000000000000000000000000000000000000000000000
00000000000000000000000000000000000000000000000000000000000000000000000000000000000000000000000000000000000000000000000000000000
00000000000011010000000000101011111111111111000011111111111101000000000000001000000000000001000011111111111101010000000000001001
00000000000011111111111111110100111111111111000000000000000001110000000000011100000000000000100100000000001011000000000000000111
00000000000011110000000000001110111111111110100100000000000011110000000000001000000000000010100000000000000001110000000000000010
00000000000010110000000000111100111111111110110100000000000000101111111111111000000000000001110111111111111100000000000000001111
00000000000001000000000000101110111111111111000011111111111110001111111111111101000000000001010011111111111110110000000000001110
00000000000000100000000000110000111111111111000011111111111110101111111111111100000000000001001011111111111111000000000000001110
00000000000000100000000000100010111111111111010011111111111110000000000000000000000000000000110011111111111111100000000000001010
00000000000010100000000000100001111111111111001100000000000000100000000000000100000000000000111011111111111101010000000000000011
00000000000000000000000000000000000000000000000000000000000000000000000000000000000000000000000000000000000000000000000000000000
00000000000000000000000000000000000000000000000000000000000000000000000000000000000000000000000000000000000000000000000000000000
00000000000001110000000000110100111111111110101100000000000000011111111111111110000000000001101011111111111111010000000000001110
00000000000001111111111111111110111111111111010011111111111111100000000000010010000000000000011000000000000111110000000000001000
00000000000001111111111111111111111111111110101000000000000101100000000000001001000000000010000100000000001000100000000000000110
00000000000001010000000000100011111111111110100100000000000011101111111111111110000000000010000100000000000011000000000000001100
00000000000001000000000000100100111111111110110100000000000001000000000000000001000000000001010100000000000011100000000000001111
00000000000010010000000000011110111111111110101000000000000001010000000000001000000000000001100100000000000100100000000000001101
00000000000010110000000000001110111111111110110000000000000100000000000000001001000000000001101000000000000101100000000000001000
00000000000010110000000000001110111111111110100100000000000111010000000000000010000000000010100100000000000001111111111111111111
00000000000000000000000000000000000000000000000000000000000000000000000000000000000000000000000000000000000000000000000000000000
00000000000000000000000000000000000000000000000000000000000000000000000000000000000000000000000000000000000000000000000000000000
00000000000000000000000000000000000000000000000000000000000000000000000000000000000000000000000000000000000000000000000000000000
00000000000000000000000000000000000000000000000000000000000000000000000000000000000000000000000000000000000000000000000000000000
00000000000000000000000000000000000000000000000000000000000000000000000000000000000000000000000000000000000000000000000000000000
00000000000000000000000000000000000000000000000000000000000000000000000000000000000000000000000000000000000000000000000000000000
00000000000000000000000000000000000000000000000000000000000000000000000000000000000000000000000000000000000000000000000000000000
00000000000000000000000000000000000000000000000000000000000000000000000000000000000000000000000000000000000000000000000000000000
00000000000000000000000000000000000000000000000000000000000000000000000000000000000000000000000000000000000000000000000000000000
00000000000000000000000000000000000000000000000000000000000000000000000000000000000000000000000000000000000000000000000000000000
00000000000000000000000000000000000000000000000000000000000000000000000000000000000000000000000000000000000000000000000000000000
