#time0col7[msb-lsb],time0col6[msb-lst],....,time0col0[msb-lst]#
#time1col7[msb-lsb],time1col6[msb-lst],....,time1col0[msb-lst]#
#................#
00000000000000000000000000000000000000000000000000000000000000000000000000000000000000000000000000000000000000000000000000000000
00000000000000000000000000000000000000000000000000000000000000000000000000000000000000000000000000000000000000000000000000000000
00000000000000000000000000000000000000000000000000000000000000000000000000000000000000000000000000000000000000000000000000000000
00000000000000000000000000000000000000000000000000000000000000000000000000000000000000000000000000000000000000000000000000000000
00000000000000000000000000000000000000000000000000000000000000000000000000000000000000000000000000000000000000000000000000000000
00000000000000000000000000000000000000000000000000000000000000000000000000000000000000000000000000000000000000000000000000000000
00000000000000000000000000000000000000000000000000000000000000000000000000000000000000000000000000000000000000000000000000000000
00000000000000000000000000000000000000000000000000000000000000000000000000000000000000000000000000000000000000000000000000000000
00000000000000000000000000000000000000000000000000000000000000000000000000000000000000000000000000000000000000000000000000000000
00000000000000000000000000000000000000000000000000000000000000000000000000000000000000000000000000000000000000000000000000000000
00000000000000000000000000000000000000000000000000000000000000000000000000000000000000000000000000000000000000000000000000000000
11111111111101011111111111111011111111111110101100000000000001010000000000000101111111111111110100000000000010110000000000101000
00000000000100100000000000010010111111111110100100000000000100000000000000101101111111111101111111111111111110011111111111110001
00000000000010100000000000010111111111111110101000000000000100100000000000001111111111111110100100000000000001001111111111110011
11111111111100110000000000100000111111111110101011111111111111010000000000000111000000000000011100000000000100111111111111111000
11111111111110010000000000001010111111111111000100000000000001100000000000000110000000000000000000000000000010100000000000001101
00000000000000111111111111111011111111111111010100000000000011110000000000001110111111111111010000000000000000000000000000011001
00000000000000010000000000001001111111111111001100000000000010010000000000001110111111111111100000000000000001000000000000000111
00000000000011100000000000011101111111111110001000000000000101110000000000100000111111111110000000000000000000011111111111101100
00000000000000000000000000000000000000000000000000000000000000000000000000000000000000000000000000000000000000000000000000000000
00000000000000000000000000000000000000000000000000000000000000000000000000000000000000000000000000000000000000000000000000000000
11111111111100101111111111110000111111111110111100000000000010101111111111101100000000000000000000000000000011110000000000111010
00000000000000101111111111111001111111111111011100000000000011110000000000001010111111111111011000000000000000000000000000011010
00000000000001100000000000010011111111111110111100000000000110011111111111111100111111111111000000000000000010010000000000000000
11111111111101000000000000001011111111111110101000000000000101011111111111110100000000000000000000000000000100110000000000011110
11111111111111000000000000000001111111111110100100000000000100111111111111111100111111111111010000000000000011010000000000100110
00000000000101010000000000000100111111111110010000000000000111100000000000010010111111111101010000000000000000010000000000011001
00000000000000101111111111110100111111111110111100000000000110010000000000001001111111111110111100000000000000110000000000101111
11111111111111110000000000010111111111111110010100000000000110000000000000010100111111111111001000000000000001101111111111111001
00000000000000000000000000000000000000000000000000000000000000000000000000000000000000000000000000000000000000000000000000000000
00000000000000000000000000000000000000000000000000000000000000000000000000000000000000000000000000000000000000000000000000000000
00000000000000111111111111110010111111111110010100000000000110110000000000001001111111111110010100000000000000100000000000101110
11111111111101101111111111110001111111111111001100000000000010101111111111111001111111111111111100000000000010010000000000110001
11111111111110010000000000010011111111111110101100000000000011001111111111111101111111111111110100000000000100000000000000001010
00000000000010010000000000001100111111111101110000000000001000000000000000100000111111111101111000000000000000110000000000010011
00000000000011000000000000001101111111111101011100000000000111110000000000100101111111111101011100000000000000100000000000010001
00000000000011010000000000001100111111111101101000000000000111000000000000010111111111111101011100000000000000110000000000001100
00000000000100011111111111111101111111111110000000000000001000000000000000101110111111111101010011111111111101010000000000010001
11111111111101010000000000000011111111111110010000000000000101100000000000001010111111111111100000000000000001110000000000010101
00000000000000000000000000000000000000000000000000000000000000000000000000000000000000000000000000000000000000000000000000000000
00000000000000000000000000000000000000000000000000000000000000000000000000000000000000000000000000000000000000000000000000000000
00000000000001011111111111111001111111111110100000000000000101110000000000011011111111111110011111111111111111000000000000011010
00000000000001111111111111111101111111111110100000000000000101110000000000001001111111111110010100000000000000100000000000011010
11111111111110100000000000011001111111111110001100000000000000110000000000000101111111111111011100000000000011111111111111111011
00000000000000110000000000001011111111111110001100000000000011100000000000100000111111111110101000000000000000010000000000000101
00000000000000010000000000010101111111111110010000000000000100110000000000010000111111111110111000000000000001011111111111110101
11111111111110100000000000100011111111111101101000000000000001000000000000010001111111111111001100000000000100011111111111110101
00000000000100000000000000011001111111111110001000000000000010110000000000100111111111111101110111111111111111011111111111100111
11111111111101111111111111101100111111111110011000000000000110000000000000001111111111111111001100000000000000110000000000111010
00000000000000000000000000000000000000000000000000000000000000000000000000000000000000000000000000000000000000000000000000000000
00000000000000000000000000000000000000000000000000000000000000000000000000000000000000000000000000000000000000000000000000000000
00000000000001010000000000000000111111111110110000000000000100100000000000010110111111111110110000000000000000000000000000010101
00000000000010110000000000001011111111111110001000000000000111100000000000010011111111111101111100000000000000100000000000001010
11111111111100010000000000100000111111111101111100000000000001111111111111100111111111111111111100000000000111010000000000000010
11111111111100110000000000001111111111111110001100000000000001100000000000000101111111111111110100000000000011110000000000001100
11111111111101000000000000010010111111111110000000000000000001000000000000001010111111111111101000000000000011010000000000000010
11111111111100000000000000011000111111111110000111111111111111100000000000000111000000000000000100000000000100011111111111111101
11111111111100010000000000001001111111111110110100000000000000111111111111111001000000000000010100000000000011100000000000001100
11111111111111011111111111111101111111111110100100000000000010100000000000010111111111111111001100000000000001000000000000100000
00000000000000000000000000000000000000000000000000000000000000000000000000000000000000000000000000000000000000000000000000000000
00000000000000000000000000000000000000000000000000000000000000000000000000000000000000000000000000000000000000000000000000000000
11111111111110111111111111111110111111111111000100000000000010100000000000001011111111111111101100000000000001010000000000011010
00000000000000000000000000010101111111111110111000000000000001100000000000010000111111111111100000000000000001111111111111111000
11111111111011000000000000000101111111111110101111111111111111001111111111110111000000000000100100000000000100100000000000011001
11111111111010100000000000001000111111111111001011111111111011101111111111111010000000000001001000000000000100100000000000010000
11111111111101010000000000001110111111111111000111111111111101110000000000000001000000000000010100000000000010111111111111111100
11111111111101010000000000000000111111111111001011111111111110100000000000001011000000000000001100000000000001010000000000001100
11111111111111100000000000000001111111111111000100000000000001100000000000010100111111111111100000000000000000000000000000001010
00000000000000001111111111111100111111111111000100000000000001010000000000010111111111111111010111111111111111110000000000010011
00000000000000000000000000000000000000000000000000000000000000000000000000000000000000000000000000000000000000000000000000000000
00000000000000000000000000000000000000000000000000000000000000000000000000000000000000000000000000000000000000000000000000000000
11111111111111101111111111101101111111111111000000000000000011110000000000010101111111111111001111111111111111010000000000101011
11111111111100010000000000001001111111111111000000000000000001111111111111110111000000000000011100000000000011010000000000001010
11111111111111011111111111111111111111111110100100000000000010110000000000001000111111111111001000000000000001010000000000010101
11111111111111110000000000000010111111111110110111111111111111110000000000011101111111111111010100000000000000010000000000001110
00000000000010010000000000000010111111111111000000000000000011000000000000100011111111111110101111111111111110010000000000000100
00000000000010100000000000000010111111111111000000000000000011100000000000100010111111111110101011111111111110100000000000001000
00000000000010001111111111111110111111111111010000000000000011100000000000011010111111111110111011111111111110100000000000001010
11111111111110111111111111101110111111111111001100000000000010110000000000000101111111111111100100000000000001000000000000110010
00000000000000000000000000000000000000000000000000000000000000000000000000000000000000000000000000000000000000000000000000000000
00000000000000000000000000000000000000000000000000000000000000000000000000000000000000000000000000000000000000000000000000000000
00000000000001010000000000000001111111111110101100000000000011010000000000011110111111111110110011111111111111110000000000010011
11111111111111010000000000001000111111111111010000000000000010110000000000000110111111111111110000000000000000111111111111111111
00000000000000010000000000010110111111111110101000000000000010100000000000000111111111111111001100000000000010001111111111110100
00000000000001100000000000001111111111111110100100000000000010110000000000011000111111111110110000000000000000110000000000000000
00000000000001010000000000001110111111111110110100000000000010100000000000011010111111111111000000000000000000011111111111111101
00000000000000010000000000001001111111111110101000000000000011010000000000010101111111111111000100000000000000110000000000001000
11111111111110100000000000001100111111111110110000000000000001010000000000000101111111111111101100000000000010100000000000000111
11111111111111010000000000000010111111111110100100000000000010101111111111111111111111111111001100000000000010110000000000011100
00000000000000000000000000000000000000000000000000000000000000000000000000000000000000000000000000000000000000000000000000000000
00000000000000000000000000000000000000000000000000000000000000000000000000000000000000000000000000000000000000000000000000000000
00000000000000000000000000000000000000000000000000000000000000000000000000000000000000000000000000000000000000000000000000000000
00000000000000000000000000000000000000000000000000000000000000000000000000000000000000000000000000000000000000000000000000000000
00000000000000000000000000000000000000000000000000000000000000000000000000000000000000000000000000000000000000000000000000000000
00000000000000000000000000000000000000000000000000000000000000000000000000000000000000000000000000000000000000000000000000000000
00000000000000000000000000000000000000000000000000000000000000000000000000000000000000000000000000000000000000000000000000000000
00000000000000000000000000000000000000000000000000000000000000000000000000000000000000000000000000000000000000000000000000000000
00000000000000000000000000000000000000000000000000000000000000000000000000000000000000000000000000000000000000000000000000000000
00000000000000000000000000000000000000000000000000000000000000000000000000000000000000000000000000000000000000000000000000000000
00000000000000000000000000000000000000000000000000000000000000000000000000000000000000000000000000000000000000000000000000000000
