00000000010010100000000000110101000000000000000000000000011011010000000000101110000000000011101100000000001101000000000000111100
00000000000100010000000001101100000000000000000000000000100011100000000001110010000000000001001000000000001000110000000000010000
00000000001000110000000001010000000000000000000000000000011010000000000001101011000000000000111100000000011101000000000000001110
00000000000000000000000001101100000000000000000000000000001111100000000010011101000000000001110100000000100010000000000000100010
00000000000000000000000000100110000000000000000000000000001100110000000010000101000000000011101000000000011000010000000000010110
00000000000000000000000000111011000000000000000000000000011000010000000000110110000000000010110100000000001001110000000000011000
00000000000100100000000001100010000000000000000000000000011010100000000001001011000000000000000000000000000111110000000000001011
00000000001101000000000001110101000000000000000000000000010101010000000010001100000000000010010100000000100000000000000000100110
00000000010111100000000000000000000000000000000000000000000111000000000000000000000000000101110100000000010001110000000001100010
00000000001010110000000000101011000000000000000000000000010100000000000000111011000000000000000000000000000100100000000000000001
00000000001110010000000000010100000000000000000000000000010100100000000001000001000000000000000000000000011110010000000000001000
00000000001010110000000001010111000000000000000000000000000111000000000001010110000000000001110000000000100100010000000000111111
00000000001111100000000000110110000000000000000000000000011110010000000001000001000000000110100100000000011110110000000001010000
00000000010010010000000000101000000000000000000000000000101110110000000000111010000000000110011100000000001110100000000001101001
00000000011000000000000001000100000000000000000000000000010101010000000000101000000000000010100000000000000010010000000001000011
00000000011100110000000001110011000000000000000000000000001100100000000010100100000000000000000000000000011111010000000000010100
00000000011111010000000000000110000000000000000000000000001111110000000000000000000000000100110000000000010011000000000010011100
00000000010111000000000000010101000000000000000000000000010101010000000000000000000000000010011000000000001011100000000001010001
00000000010000010000000001010011000000000000000000000000100011110000000000111000000000000010010100000000011101000000000000110111
00000000011000110000000010001111000000000000000000000000101010000000000001100111000000000100101000000000011001110000000010001011
00000000100100010000000001101010000000000000000000000000101110000000000001111000000000000100011000000000011000000000000001111001
00000000101110000000000001001000000000000000000000000000110000010000000001110111000000000110011000000000010110100000000001111111
00000000100101110000000001001101000000000000000000000000100000100000000001000010000000000100100100000000000110010000000001111111
00000000101011000000000001101010000000000000000000000000000100100000000001011111000000000010000000000000010101100000000000101011
00000000011000000000000000100101000000000000000000000000011010100000000001000111000000000000010100000000001001010000000001110101
00000000100001000000000000011110000000000000000000000000100010110000000000000000000000000011101100000000010100100000000001010101
00000000010101110000000001000110000000000000000000000000100010110000000000110000000000001000000000000000100010100000000000100010
00000000011010000000000001010000000000000000000000000000011111000000000001111011000000000101010000000000001011110000000000111001
00000000100110000000000001100001000000000000000000000000011010010000000001101110000000000001110100000000010011010000000000100010
00000000011100100000000010010101000000000000000000000000100101100000000001110001000000000101111100000000011101000000000000101111
00000000010101000000000001010100000000000000000000000000011101100000000010101111000000000011011000000000001010010000000001001100
00000000100001000000000001000011000000000000000000000000001010010000000000100110000000000011000100000000000101100000000001110011
00000000001111000000000001001100000000000000000000000000011011010000000001101000000000000000000000000000000101000000000001011100
00000000100010000000000001011010000000000000000000000000100011100000000000101110000000000000000000000000010101010000000000101110
00000000100010110000000001111100000000000000000000000000001100000000000000100111000000000110001100000000100111110000000000011100
00000000011101000000000001101110000000000000000000000000001100110000000001011001000000000110011000000000011001110000000000111101
00000000100011010000000001101100000000000000000000000000010000110000000000101011000000000110001000000000011011010000000000001011
00000000011010010000000010100111000000000000000000000000000000000000000000110111000000000110101000000000010101010000000000001111
00000000010110000000000001100101000000000000000000000000000000000000000001010110000000000100010000000000010011010000000000101111
00000000001011100000000001100100000000000000000000000000010010000000000000110100000000000010110100000000000110000000000010010110
00000000001101010000000001101000000000000000000000000000001110110000000000110101000000000000000000000000000010010000000001001001
00000000001110110000000001001110000000000000000000000000011001010000000001100100000000000000000000000000010010110000000000011101
00000000001111000000000001001100000000000000000000000000000101000000000000000000000000000101111100000000010000110000000000101110
00000000000010110000000010001010000000000000000000000000000010000000000000000000000000000110011000000000000000110000000000101101
00000000000101000000000001110111000000000000000000000000000000000000000000000011000000000101010000000000000101010000000000001100
00000000000100100000000010000010000000000000000000000000000000000000000000001100000000000100011000000000000100100000000000101100
00000000000111100000000001110000000000000000000000000000000010010000000000001000000000000010111100000000000010100000000000111010
00000000001101000000000001100011000000000000000000000000001111100000000000110000000000000001100100000000000000000000000001000110
00000000010101110000000001000010000000000000000000000000001011000000000000000111000000000001101100000000000010100000000001100010
00000000011100100000000000100001000000000000000000000000000001100000000000110000000000000000011000000000010110010000000000000011
00000000010000110000000000001101000000000000000000000000001101110000000000100010000000000110101000000000011101110000000001100111
00000000000010100000000001101110000000000000000000000000010100000000000000101010000000000101011100000000000001110000000001001110
00000000000110000000000001101001000000000000000000000000010010100000000001001111000000000001111100000000000000000000000000100100
00000000001000110000000001011101000000000000000000000000010011110000000001011000000000000001001000000000000000000000000000111100
00000000001100010000000000100011000000000000000000000000010010000000000001010010000000000000000100000000000000110000000000101110
00000000010100110000000000000100000000000000000000000000010111000000000000010010000000000010011100000000000000000000000000111110
00000000001001110000000000101111000000000000000000000000011010110000000001010011000000000000001100000000000001110000000001100100
00000000001100100000000000101011000000000000000000000000001000110000000000101011000000000000011100000000001101110000000000000000
00000000001110100000000001001010000000000000000000000000001111010000000000110000000000000010010100000000010111000000000000100100
00000000000111010000000001101010000000000000000000000000010011000000000001100010000000000010100000000000001110010000000000111110
00000000001011010000000001001001000000000000000000000000010100100000000001110111000000000000101100000000000110100000000000101001
00000000010011000000000001000011000000000000000000000000010010110000000001101000000000000000110100000000001001100000000000110000
00000000010000100000000000110001000000000000000000000000010000000000000001001110000000000010010000000000001110010000000000111010
00000000010000010000000000010001000000000000000000000000010000110000000000011010000000000100100100000000010000010000000001101010
