#time0row7[msb-lsb],time0row6[msb-lst],....,time0row0[msb-lst]#
#time1row7[msb-lsb],time1row6[msb-lst],....,time1row0[msb-lst]#
#................#
00000000000000000000000000000000
00000000000000000000000000000000
00000000000000000000000000000000
00000000000000000000000000000000
00000000000000000000000000000000
00000000000000000000000000000000
00000000000000000000000000000000
00000000000000000000000000000000
00000000000000000000000000000000
00000000000000000000000000000000
00000000000000000000000000000000
00000000000000000000000000000000
00000000000000000000000000000000
00000000000000000000000000000000
00000000000000000000000000000000
00000000000000000000000000000000
00000000000000000000000000000000
00000000000000000000000000000000
00000000000000000000000000000000
00000000000000000000000000000000
00000000000000000000000000000000
00000000000000000000000000000000
00110000000100000010000000010000
00000001010100000000000001000101
10110000010100000000000000000000
00000011001100000000000010110011
01100000010000000001011100100000
00000110000000010000000010000011
11100000011100000001100000000000
00001110000100000000000010000011
01100000000100000000001101000000
00001100001000000000000011010001
00000000000000000000000001010000
00000111011000000000100001000101
00000000000000000000000001010000
00000011010100000000001000001100
00010000000000000000000001010000
00000111000000000000000001000100
00000000000000000000000000000000
00000000000000000000000000000000
00000000000000000000000000000000
00000000000000000000000000000000
00010000011000001010000000010000
00110011011000000100000000011001
10000000111100000101000000000000
00000111010100000000000010000100
10010000011000000110000000100000
00001100010101000000000001100111
10010000010000000100000000100000
00001011010000000000000001010111
01000000000100000011000000010000
00001011000100000000001010011000
00000000001000000001000000000000
00000111100000000000011000000001
00000000000000000000000000010000
00000010100100000000001100000101
00010000000000110000000001010010
00000111001000000000000000000000
00000000000000000000000000000000
00000000000000000000000000000000
00000000000000000000000000000000
00000000000000000000000000000000
00010000001100001000000000110000
00110000001101010001000000110110
00000000011001001001000000000000
00000000010100010000000001110000
00000000000000000101000000010000
00000010001111100000001001000101
00110000000000000000000000010000
00010011000000010000001000000101
00010000000000100000010000000100
00000111000000000101000000000000
00010000000000010001001000010001
00001001000000010011010000000000
00000000000001100000000101000000
00001000001101110000100100000000
00000000000010110000000010010101
00001001011100000000000000000000
00000000000000000000000000000000
00000000000000000000000000000000
00000000000000000000000000000000
00000000000000000000000000000000
00000000000000110001000000010000
00010000010001010000000000011000
00000000000001010011000000000000
00000000000001010011000000000000
00000000011000100000000000000110
00000110000011100011000000000000
00010000001000110000000000110111
01000110000001100000000000000000
00100000000001110000000000011001
00000001000000000000000000000000
00100000000001100000000000110000
00000000000000010000000000000000
00000000000011000000010110100001
00001000000001000000000000000000
00000000000011110000000010010100
00000101100000100000000000000000
00000000000000000000000000000000
00000000000000000000000000000000
00000000000000000000000000000000
00000000000000000000000000000000
00000000000000000000000000000000
00000000010000110001000000010110
00000000000000110000000000000101
00000001000000110010000000000010
00000000001001000000000000101010
00010110000001000010000000000000
00000000000010100000000001011101
00110101000000100000000000000000
00000000000010010000000000111000
01000000000000010000000000000000
00000000000010100000000001010100
10010000000001010000000001000000
00000000000011110000000010010101
10100101001000000000000000000000
00110000000011010000000001100000
00100010010000010000001100000000
00000000000000000000000000000000
00000000000000000000000000000000
00000000000000000000000000000000
00000000000000000000000000000000
00000000000000110000000000110000
00100000001100010000000001010011
00000000000001110001000000110110
00000001000001000001000001100000
00000000000010110001000001010010
01000000000001010001000000010000
00000000000010110000000001000000
01110000000001000000000000000000
00000000000011000000000000110000
10000001000000110000001000000001
00000000000010100000000000110000
10000000000101100000000001100000
00000000000010100000001101100010
01000010010100000000010000000001
00010000000001110000010100110000
00000010011000000000011000000001
00000000000000000000000000000000
00000000000000000000000000000000
00000000000000000000000000000000
00000000000000000000000000000000
00000000000001000000000001000000
01100000100001010000000101010011
00000000000010110000000000000101
01100000010101110000000001100000
00000000000010100000000000010000
10000000000001000110010101010000
00000000000001100000000000010000
10010000000001001000011000110000
00000000000110010000000000110000
00110000001100010000000001000010
00000000000001110000000000110000
01010000010000000000000001100000
00000000010001110000001001000000
00100010010000000000001100100001
00000000000001000000010000010000
00000101010100000000011000000011
00000000000000000000000000000000
00000000000000000000000000000000
00000000000000000000000000000000
00000000000000000000000000000000
00000000000101100001000101000000
01000000001100010000000101000001
00000000000011110000000000100000
01110000010000110000000100010100
00000000000011110000000000010010
01110000000000000000001100110101
00000000000001110000000100010000
01010000000000000101000100100001
00000000000001000000000100100000
00000000000000010000000000010000
00010000000001000001000000100000
00000000001000010000000000100000
00100000000101000010000000100000
00100001001000010000000100100001
00010000000000100001000100100000
00110011001000010000001000100010
00000000000000000000000000000000
00000000000000000000000000000000
00000000000000000000000000000000
00000000000000000000000000000000
00000000000000000000000000000000
00000000000000000000000000000000
00000000000000000000000000000000
00000000000000000000000000000000
00000000000000000000000000000000
00000000000000000000000000000000
00000000000000000000000000000000
00000000000000000000000000000000
00000000000000000000000000000000
00000000000000000000000000000000
00000000000000000000000000000000
00000000000000000000000000000000
00000000000000000000000000000000
00000000000000000000000000000000
00000000000000000000000000000000
00000000000000000000000000000000
00000000000000000000000000000000
00000000000000000000000000000000
