00000000100110100000000000000000000000010101111000000000000000000000000110110010000000011010010000000000000000000000000000000000
00000000000001110000000000000000000000110101110100000000000000000000001010110101000000100001101100000000000000000000000000000000
00000000000000000000000000000000000000111001010100000001101110010000000101010111000000010010110100000000000000000000000000000000
00000000000000000000000000000000000001000010000100000010011111010000001001000101000000010010110100000000000000000000000000000000
00000000000000000000000000000000000000110000001000000001010111100000001011001010000000010011010000000000000000000000000000000000
00000000110010110000000000000000000000011111111100000000000000000000001011101101000000001100101100000000000000000000000000000000
00000000110001000000000000000000000000001001101000000000000000000000001010101110000000000111000000000000000000000000000000000000
00000000101101100000000000000000000000001100010000000000000000000000000101111010000000001110111000000000000000000000000000000000
00000001110000000000000000000000000000011110101000000000000000000000001000111110000000011100111000000000000000000000000000000000
00000001010010010000000000000000000001001110010100000000000000000000010001001011000000101010011100000000000000000000000000000000
00000000111101010000000000000000000000101111101100000000000000000000001111011011000000101101000100000000000000000000000000000000
00000001010100000000000000000000000000111100011000000000000000000000001111111110000000110011101000000000000000000000000000000000
00000001100000010000000000000000000000100111110100000000000000000000001110110001000000000110100100000001010010010000000000000000
00000010001000100000000000000000000000110110010000000000000000000000001111111110000000000000000000000001100010000000000000000000
00000001011001010000000000000000000000010010110100000000000000000000001101000001000000000000000000000000001000110000000000000000
00000001011100110000000000000000000000011110001100000000000000000000001000011011000000011000000100000000000000000000000000000000
00000010001000100000000000000000000000011001011000000000000000000000000111101010000000001111110000000000000000000000000000000000
00000011111000100000000000000000000000111011100000000000000000000000001111000110000000010111101000000000000000000000000000000000
00000010101011100000000000000000000000011110101000000000000000000000001101010110000000010000101000000000000000000000000000000000
00000010010100110000000000000000000000011011100100000000000000000000001010011001000000001001001100000000000000000000000000000000
00000001100101100000000000000000000000100110100000000000000000000000000111000000000000000001110000000000111111000000000000000000
00000001100010000000000000000000000000100011000000000000000000000000001001101000000000000000000000000001110000000000000000000000
00000000010011010000000000000000000000100100010100000000000000000000001001000101000000000000000000000000001100010000000000000000
00000000011000100000000000000000000000101010111000000000000000000000001010111100000000100011000000000000000000000000000000000000
00000000110010110000000000000000000000001100101100000000000000000000000101010111000000000000000000000000000000000000000000000000
00000011000101110000000000000000000000110011001100000000000000000000000111000111000000000000000000000000000000000000000000000000
00000001110011100000000000000000000000100011111000000000000000000000000111001110000000000000000000000000000000000000000000000000
00000001101001000000000000000000000000100001010000000000000000000000000101101100000000000000000000000000000000000000000000000000
00000001100111010000000000000000000000011110001100000000000000000000000100101101000000011011100100000000000000000000000000000000
00000000100100110000000000000000000000011111000100000000000000000000000101100101000000001111010100000000001100010000000000000000
00000000000000000000000000000000000000111100110100000000000000000000001001111101000000001000010100000000000000000000000000000000
00000000000000000000000000000000000000111000000000000000000000000000001110000000000000101010111000000000000000000000000000000000
00000000001110000000000000000000000000000101010000000000000000000000000011100000000000000000000000000000000000000000000000000000
00000001100010000000000000000000000000011110101000000000000000000000000100011000000000000000000000000000000000000000000000000000
00000001101110010000000000000000000000011111000100000000000000000000000100010001000000001011110100000000000000000000000000000000
00000001011001010000000000000000000000011011100100000000000000000000000110111001000000110010010100000000000000000000000000000000
00000000111111000000000000000000000000100011000000000000000000000000000110110010000000111111000000000000000000000000000000000000
00000000000000000000000000000000000000100110000100000000000000000000001000001101000000100111110100000000000000000000000000000000
00000000010101000000000000000000000000110101011000000000000000000000001010100000000000100010001000000000000000000000000000000000
00000000001000110000000000000000000000110000100100000000000000000000001011011111000000010110010100000000000000000000000000000000
00000000011100000000000000000000000000000101010000000000000000000000000111111000000000001010100000000000000000000000000000000000
00000001010111100000000000000000000000100011000000000000000000000000001010101110000000011101110000000000000000000000000000000000
00000010000001100000000000000000000000100111011000000000000000000000001010010010000000011110101000000000000000000000000000000000
00000001110000000000000000000000000000100011000000000000000000000000001100000010000000101000010000000000000000000000000000000000
00000001011011000000000000000000000000111000000000000000000000000000001101110010000000101011110000000000000000000000000000000000
00000000011101110000000000000000000000110011001100000000000000000000001111001101000000100110111100000000000000000000000000000000
00000000101000010000000000000000000000111011111100000000000000000000001011101101000000011111000100000000000000000000000000000000
00000000001111110000000000000000000000101011010100000000000000000000000111111111000000001000010100000000000000000000000000000000
00000000010011010000000000000000000000011100011100000000000000000000001000011011000000010011101100000000000000000000000000000000
00000000100011000000000000000000000000100011111000000000000000000000001100011110000000110100100000000000000000000000000000000000
00000000101111010000000000000000000000101001100100000000000000000000001101001111000000101001100100000000000000000000000000000000
00000000011111100000000000000000000000110001000000000000000000000000001010010010000000001001101000000000000000000000000000000000
00000000000000000000000000000000000000110111100100000000000000000000000111100011000000001101100100000000000000000000000000000000
00000000000000000000000000000000000000101100101000000000000000000000001011100110000000010011010000000000000000000000000000000000
00000000000000000000000000000000000000110001111000000000000000000000001100011110000000001010100000000000000000000000000000000000
00000000001010100000000000000000000000011110101000000000000000000000001010111100000000000000000000000000000000000000000000000000
00000000000000000000000000000000000000010101111000000000000000000000000110110010000000000000000000000000000000000000000000000000
00000000000000000000000000000000000000100000110100000000000000000000001101000001000000001001001100000000000000000000000000000000
00000000000000000000000000000000000000100011000000000000000000000000001111010100000000001001101000000000000000000000000000000000
00000000000000000000000000000000000000011100000000000000000000000000001011100110000000000000000000000000000000000000000000000000
00000000000000000000000000000000000000011101010100000000000000000000000110001111000000000000000000000000000000000000000000000000
00000000000000000000000000000000000000011010101100000000000000000000000111010101000000000111011100000000000000000000000000000000
00000000000011100000000000000000000000011100111000000000000000000000001000000110000000000000111000000000000000000000000000000000
00000000001010100000000000000000000000001101001000000000000000000000000111111000000000000000000000000000000011100000000000000000
