#time0col7[msb-lsb],time0col6[msb-lst],....,time0col0[msb-lst]#
#time1col7[msb-lsb],time1col6[msb-lst],....,time1col0[msb-lst]#
#................#
00000000000000000000000000000000000000000000000000000000000000000000000000000000000000000000000000000000000000000000000000000000
00000000000000000000000000000000000000000000000000000000000000000000000000000000000000000000000000000000000000000000000000000000
00000000000000000000000000000000000000000000000000000000000000000000000000000000000000000000000000000000000000000000000000000000
00000000000000000000000000000000000000000000000000000000000000000000000000000000000000000000000000000000000000000000000000000000
00000000000000000000000000000000000000000000000000000000000000000000000000000000000000000000000000000000000000000000000000000000
00000000000000000000000000000000000000000000000000000000000000000000000000000000000000000000000000000000000000000000000000000000
00000000000000000000000000000000000000000000000000000000000000000000000000000000000000000000000000000000000000000000000000000000
00000000000000000000000000000000000000000000000000000000000000000000000000000000000000000000000000000000000000000000000000000000
00000000000000000000000000000000000000000000000000000000000000000000000000000000000000000000000000000000000000000000000000000000
00000000000000000000000000000000000000000000000000000000000000000000000000000000000000000000000000000000000000000000000000000000
00000000000000000000000000000000000000000000000000000000000000000000000000000000000000000000000000000000000000000000000000000000
11111111110101101111111111001000000000000000111011111111111001000000000001010100000000000011100011111111111001001111111110001010
11111111010110001111111101110110000000000000111000000000101010000000000001100010000000000110001011111111100111101111111101100110
11111111011001101111111101011000000000000001110000000000101010000000000001000110111111111110010011111111101110101111111101010010
11111111010110001111111100001101000000000010101000000001010000100000000001000110111111111100100011111111110101101111111100010100
11111111100111101111111100100111111111111011101000000000110001000000000010101000000000000011100011111111100111101111111011111111
00000000001100011111111101100010111111111010010111111111101001010000000011110101111111111101110111111111101100111111111100011011
11111111110011111111111110110110111111111100111111111111011011010000000010111101111111111100111100000000000101011111111101000111
11111111110011111111111110011111111111111100000100000000000101010000000010000101111111111111100100000000000001111111111101110000
00000000000000000000000000000000000000000000000000000000000000000000000000000000000000000000000000000000000000000000000000000000
00000000000000000000000000000000000000000000000000000000000000000000000000000000000000000000000000000000000000000000000000000000
00000000001110001111111111011001000000000101010011111111011001100000000010011010000000000000000000000000100011001111111101110011
11111111100000101111111110101010000000000110001000000000101010000000000010110110000000000000000000000000010001101111111110010010
11111111111010111111111101010001000000000011000100000000001111110000000010111101111111111111100100000000001000111111111100001000
11111111110010001111111101101111000000000000000000000000010101000000000010001100000000000000111000000000001010101111111100101001
11111111110101101111111101110010111111110111010000000000010001100000000010110110111111111110010000000000001010101111111100011010
00000000100001011111111110101011111111111110101111111111110011110000000010100001111111111100111111111111111010111111111101111110
00000000001110001111111111001000000000000000000011111111100100000000000010001100000000000000000011111111110101101111111101111010
00000000000011101111111111000110000000000010101011111111111001000000000001100010000000000010101000000000000000001111111110000101
00000000000000000000000000000000000000000000000000000000000000000000000000000000000000000000000000000000000000000000000000000000
00000000000000000000000000000000000000000000000000000000000000000000000000000000000000000000000000000000000000000000000000000000
00000000000111001111111110111011000000000101010011111111011001100000000001111110000000000010101000000000000000001111111101101111
11111111111100101111111111111100000000000111111011111111110101100000000001100010000000000111111000000000001010101111111110101110
00000000011100001111111101101111000000000100011011111111010110000000000010110110111111111011101011111111101011001111111100111001
11111111111100101111111110111111111111111101011011111111111001000000000001000110111111111101011000000000000000001111111110011110
00000000001111111111111110111001000000000011111100000000000001110000000000100011111111111100000100000000001000111111111110011010
00000000011000101111111110001011111111111111001000000000000000000000000001100010111111111001111000000000000111001111111110000010
00000000011100001111111101010001000000000001110011111111011101000000000011111100111111111010110011111111101110101111111100010001
00000000000001111111111111001010000000001010000111111111010111110000000011011001000000001010000111111111111110011111111100000100
00000000000000000000000000000000000000000000000000000000000000000000000000000000000000000000000000000000000000000000000000000000
00000000000000000000000000000000000000000000000000000000000000000000000000000000000000000000000000000000000000000000000000000000
11111111111100101111111111010011000000000001110011111111011001100000000010011010111111111111001000000000000000001111111101100100
00000000001010101111111111011101000000000111000011111111100100000000000001000110000000000000000000000000001010101111111110110110
00000000100100111111111110101101000000001010111111111111101001010000000010101111111111110110110111111111111010111111111110001111
00000000011000101111111111011000000000000101010011111111100111100000000001110000000000000001110011111111101110101111111101110100
00000000000000000000000000111010000000000111111011111111100111101111111111110010000000000111111011111111111001001111111110111001
11111111101110101111111111101000000000000101010011111111110010000000000000111000000000000100011000000000000000001111111110110011
11111111100111101111111101111110000000001010100011111111100111100000000011000100000000000010101000000000000000001111111011111101
11111111110111011111111111010011000000001110011111111111000110010000000011110101000000001100101111111111111010111111111011110001
00000000000000000000000000000000000000000000000000000000000000000000000000000000000000000000000000000000000000000000000000000000
00000000000000000000000000000000000000000000000000000000000000000000000000000000000000000000000000000000000000000000000000000000
00000000000001111111111111010111000000000000011111111111101001010000000001101001111111111101110111111111111110011111111110011110
00000000001010100000000000000100000000000100011011111111100111100000000000101010000000000000000000000000000000001111111110111110
00000000011010010000000000000001000000000111011111111111100101110000000001001101000000000001010111111111111010111111111110010011
00000000001110000000000000101100000000001001101011111111001111000000000001010100000000001010100011111111110010001111111101010011
00000000000001110000000000110011000000000111011111111111010100010000000000111111000000001010000111111111110011111111111110001010
11111111111110011111111111010111000000000100110111111111001101010000000011001011000000001011110111111111100010011111111100011110
11111111111100101111111111101010000000000111000011111111000001000000000011111100000000001111110011111111110101101111111011100001
11111111101110101111111110111000000000001000110011111111010110000000000011000100000000001001101011111111111001001111111100100010
00000000000000000000000000000000000000000000000000000000000000000000000000000000000000000000000000000000000000000000000000000000
00000000000000000000000000000000000000000000000000000000000000000000000000000000000000000000000000000000000000000000000000000000
11111111110010001111111111001100000000000000000011111111101110100000000010001100000000000101010011111111110010001111111101110101
11111111111010111111111111100110000000000110100111111111100101110000000001101001000000000111011111111111110000011111111101101110
11111111111001001111111111011011000000001000110011111111001111000000000010101000000000000111111011111111111001001111111101001100
11111111111001001111111111100010000000000101010011111111010010100000000010110110000000000111111011111111111001001111111101001110
11111111111100101111111111011111000000000010101011111111001111000000000011010010000000000111000011111111111100101111111100110101
11111111111001001111111110110111000000000010101011111111011001100000000011101110000000001001101011111111100111101111111100011000
11111111111010111111111110111001000000000110100111111111010000110000000010111101000000000111011111111111101100111111111100011001
11111111111010111111111110010110000000000101101111111111100101110000000010000101000000000001010111111111101100111111111101000000
00000000000000000000000000000000000000000000000000000000000000000000000000000000000000000000000000000000000000000000000000000000
00000000000000000000000000000000000000000000000000000000000000000000000000000000000000000000000000000000000000000000000000000000
00000000000111001111111110010111000000000010101011111111010010100000000011111100000000000111111011111111011001101111111100001011
00000000001010101111111111100101000000000111000011111111001111000000000011010010000000001011011011111111100000101111111100010010
00000000001100011111111110001101000000000001010111111111001101010000000100010001000000000011111111111111110011111111111100010101
00000000011101111111111101110101000000000000011111111111001001110000000100000011000000000000011111111111110000011111111100101101
11111111101011001111111111100101000000000011100011111111100100000000000010110110000000000111111011111111111100101111111101011000
11111111110011111111111111010101000000000001010111111111101001010000000010101111000000001010111111111111101100111111111101010001
11111111110000011111111111000100000000000100110111111111101100110000000010111101000000000011000111111111111010111111111101100101
00000000000111001111111110011100000000000000000011111111101110100000000010001100111111111100100011111111111001001111111101010000
00000000000000000000000000000000000000000000000000000000000000000000000000000000000000000000000000000000000000000000000000000000
00000000000000000000000000000000000000000000000000000000000000000000000000000000000000000000000000000000000000000000000000000000
11111111110011111111111111001000000000000011000111111111100101110000000010100001000000000111011111111111110000011111111101011100
11111111110011111111111111101111000000000100110111111111000010110000000100000011000000001001001100000000000001111111111100000010
11111111101011000000000000001001000000000000000011111111001011100000000011100000000000001000110000000000000111001111111100011000
11111111111110011111111111001110000000000010001111111111100010010000000010010011000000000011000100000000000101011111111101110111
11111111110011111111111111101011000000000011000111111111110111010000000000110001000000000010001111111111111110011111111111000100
11111111110111011111111111100100000000000011111111111111110011110000000000111111000000000100110111111111111010111111111110110000
11111111111010111111111111010100000000000011000111111111110000010000000001011011000000000100110111111111111010111111111110010001
00000000000011101111111110110111111111111111001011111111110010000000000001110000000000000001110011111111110101101111111101110111
00000000000000000000000000000000000000000000000000000000000000000000000000000000000000000000000000000000000000000000000000000000
00000000000000000000000000000000000000000000000000000000000000000000000000000000000000000000000000000000000000000000000000000000
00000000000000000000000000000000000000000000000000000000000000000000000000000000000000000000000000000000000000000000000000000000
00000000000000000000000000000000000000000000000000000000000000000000000000000000000000000000000000000000000000000000000000000000
00000000000000000000000000000000000000000000000000000000000000000000000000000000000000000000000000000000000000000000000000000000
00000000000000000000000000000000000000000000000000000000000000000000000000000000000000000000000000000000000000000000000000000000
00000000000000000000000000000000000000000000000000000000000000000000000000000000000000000000000000000000000000000000000000000000
00000000000000000000000000000000000000000000000000000000000000000000000000000000000000000000000000000000000000000000000000000000
00000000000000000000000000000000000000000000000000000000000000000000000000000000000000000000000000000000000000000000000000000000
00000000000000000000000000000000000000000000000000000000000000000000000000000000000000000000000000000000000000000000000000000000
00000000000000000000000000000000000000000000000000000000000000000000000000000000000000000000000000000000000000000000000000000000
