#time0col7[msb-lsb],time0col6[msb-lst],....,time0col0[msb-lst]#
#time1col7[msb-lsb],time1col6[msb-lst],....,time1col0[msb-lst]#
#................#
00000000000000000000000000000000000000000000000000000000000000000000000000000000000000000000000000000000000000000000000000000000
00000000000000000000000000000000000000000000000000000000000000000000000000000000000000000000000000000000000000000000000000000000
00000000000000000000000000000000000000000000000000000000000000000000000000000000000000000000000000000000000000000000000000000000
00000000000000000000000000000000000000000000000000000000000000000000000000000000000000000000000000000000000000000000000000000000
00000000000000000000000000000000000000000000000000000000000000000000000000000000000000000000000000000000000000000000000000000000
00000000000000000000000000000000000000000000000000000000000000000000000000000000000000000000000000000000000000000000000000000000
00000000000000000000000000000000000000000000000000000000000000000000000000000000000000000000000000000000000000000000000000000000
00000000000000000000000000000000000000000000000000000000000000000000000000000000000000000000000000000000000000000000000000000000
00000000000000000000000000000000000000000000000000000000000000000000000000000000000000000000000000000000000000000000000000000000
00000000000000000000000000000000000000000000000000000000000000000000000000000000000000000000000000000000000000000000000000000000
00000000000000000000000000000000000000000000000000000000000000000000000000000000000000000000000000000000000000000000000000000000
00000000000111001111111111110001000000000001110011111111011001100000000001010100000000000000000000000000000000001111111111100100
00000000001110001111111111111000111111111111001011111111000001000000000001100010000000000111111011111111100000101111111101011001
00000000000011101111111111000110000000000101010011111111010110000000000010011010000000000001110011111111110101101111111100110101
00000000011111101111111111111001000000000011100011111110111010000000000010110110000000000001110011111111111001001111111011000111
00000000001110001111111111000110000000001011011011111111000001000000000011010010000000000010101011111111110101101111111100100000
00000000011101111111111111001001000000000011111111111111000010110000000011110101111111111000100100000000011101111111111111010110
00000000000101011111111111010101111111111111100111111111010000110000000010111101111111111000100100000000011101111111111111101100
00000000001000111111111111010100000000000100110111111111011011010000000010000101111111111111100100000000000001111111111110100001
00000000000000000000000000000000000000000000000000000000000000000000000000000000000000000000000000000000000000000000000000000000
00000000000000000000000000000000000000000000000000000000000000000000000000000000000000000000000000000000000000000000000000000000
00000000011100001111111111010011000000000001110011111110110011000000000010011010000000000000000000000000000000001111111111111001
00000000110001001111111110101111111111111111001011111110100101000000000010110110000000001000110011111111011101001111111101100101
00000000110110011111111111010101000000000101101111111110011100010000000010000101000000000000011111111111110000011111111101010100
00000000100110100000000000000001000000000010101011111110101111100000000010001100000000000000111011111111111100101111111101100101
00000000001010101111111111110000000000000100011011111110111010000000000010110110111111111110010000000000000111001111111101010110
00000000101000011111111111101010000000000011000111111111010100010000000010100001111111110111101100000000100001010000000000001000
00000000010001101111111111101010000000000001110011111111011101000000000010001100111111111000001000000000011111100000000000100101
00000000011000101111111111100101000000000011100011111111100111100000000001010100111111111100100011111111111100101111111111101000
00000000000000000000000000000000000000000000000000000000000000000000000000000000000000000000000000000000000000000000000000000000
00000000000000000000000000000000000000000000000000000000000000000000000000000000000000000000000000000000000000000000000000000000
00000000011100001111111111000110000000000110001011111111000001000000000000111000000000000010101011111111100100001111111111100000
00000000010001101111111110110111000000000101010011111111010110000000000000011100000000000101010011111111011001100000000000000101
00000000011111101111111110001101000000001001101011111111000001001111111111110010111111111001000011111111101011001111111111001000
00000000001010100000000000010000111111111110010011111111100100000000000000111000111111111101011000000000000111001111111111000011
00000000000001111111111111100110111111111111100111111111101100110000000001110111111111110110110100000000001111111111111111010101
00000000010101001111111111100111000000000001110011111111100000100000000001110000111111111000001000000000010101001111111111000000
00000000101010001111111110101101000000000011100011111111010110000000000001010100111111110010111000000000000111001111111111010000
00000000100001011111111110111100000000000011111111111111011110110000000010000101111111110101111111111111110000010000000000100000
00000000000000000000000000000000000000000000000000000000000000000000000000000000000000000000000000000000000000000000000000000000
00000000000000000000000000000000000000000000000000000000000000000000000000000000000000000000000000000000000000000000000000000000
00000000000000001111111111010000000000000000111011111111100000100000000000101010111111111001000000000000000000001111111111101111
00000000000000001111111111001001000000000000000011111111110101101111111110111010111111111011101011111111101110100000000000001000
00000000101111011111111101110101000000000001010111111111000110010000000000100011111111110101000111111111011110111111111111001100
00000000101101101111111111101111000000000010101011111111010010100000000001010100111111111010110011111111011101001111111111010100
00000000001010100000000000100100111111111001000011111111110101100000000000001110111111111001111011111111100000100000000000110011
00000000000000001111111111101100111111111110010000000000000000001111111111010110111111111111001011111111101011001111111111110111
00000000001010101111111110000111000000000110001011111111110101100000000000111000111111110111010011111111100111101111111110101100
00000000010110111111111110100100000000000010001111111111101001010000000000111111111111110101000111111111100010010000000000111010
00000000000000000000000000000000000000000000000000000000000000000000000000000000000000000000000000000000000000000000000000000000
00000000000000000000000000000000000000000000000000000000000000000000000000000000000000000000000000000000000000000000000000000000
11111111111110011111111111011000000000000000011111111111100101110000000000111111111111111010010100000000001100011111111111111100
00000000000011101111111111101110111111111100100011111111101110100000000000011100111111111001000011111111110101100000000000010100
00000000100001011111111111100101111111111101110111111111010111110000000001101001111111110110110111111111100101110000000000001100
00000000011111100000000000001110111111111100100011111111100000100000000001100010111111110110011011111111001111000000000000101010
00000000001100010000000000010111111111111100000111111111110011110000000000100011111111111011001111111111010100010000000000100110
00000000001111111111111111101111000000000011111111111111100010010000000000110001111111111111100111111110111111011111111111000101
00000000011100000000000000001000000000000010101011111111100100000000000001110000111111111100100011111111001000001111111111100001
00000000001110001111111111100000111111111110010011111111110010000000000000000000111111111010110011111111100100001111111111111101
00000000000000000000000000000000000000000000000000000000000000000000000000000000000000000000000000000000000000000000000000000000
00000000000000000000000000000000000000000000000000000000000000000000000000000000000000000000000000000000000000000000000000000000
11111111111100101111111111010101000000000011100011111111100111100000000001010100000000000000000011111111110010001111111111011101
00000000000001111111111111000011000000000000011111111111100101110000000000100011111111111100000111111111010100011111111111111010
00000000000111001111111111001010000000000000111011111111110010001111111111100100111111111100100011111111001111001111111111110001
00000000000111001111111111101110000000000001110011111111111001001111111111100100111111111110010011111111010010101111111111010101
00000000000111000000000000000100000000000000000011111111110101100000000000000000111111111100100011111111011001101111111111001011
00000000000011101111111111010101000000000110001011111111100111100000000000001110000000000000000011111111001000001111111110100101
00000000001111111111111111100001000000000001010111111111101100110000000001110111111111111000100111111111110011110000000000000001
00000000001000111111111111010110000000000000011111111111110011110000000001101001111111110101111100000000001111111111111111111101
00000000000000000000000000000000000000000000000000000000000000000000000000000000000000000000000000000000000000000000000000000000
00000000000000000000000000000000000000000000000000000000000000000000000000000000000000000000000000000000000000000000000000000000
00000000010101001111111111000100000000001000110011111111001111000000000001111110111111111101011011111111101011001111111111011110
00000000001010101111111111100000000000000011100011111111100000100000000000011100111111111001000011111111001011101111111111101110
11111111111010111111111111010010111111111110101111111111011110110000000001001101111111111011001111111111100010011111111110111100
00000000000101011111111111011000111111111110101111111111010100010000000001110111111111111011001111111111110000011111111111000101
11111111111001001111111111010011000000000000111011111111110010000000000000101010111111111110010011111111100100001111111111100100
11111111111110011111111111100111000000000100110111111111101100110000000001001101000000000001010111111111100010011111111111011011
00000000001100011111111110111100000000000000011111111111101001010000000001110111111111111100111111111111110011111111111111100001
00000000001010101111111111100101000000000000111011111111101011000000000010001100111111110100101000000000011111101111111111100101
00000000000000000000000000000000000000000000000000000000000000000000000000000000000000000000000000000000000000000000000000000000
00000000000000000000000000000000000000000000000000000000000000000000000000000000000000000000000000000000000000000000000000000000
00000000000101011111111111010110000000000011111111111111101001010000000001001101000000000000011111111111100101111111111111011100
11111111111010111111111111110100111111111110101111111111110011110000000000000111111111111000100111111111011110111111111111100110
11111111101110100000000000011010111111111001111011111111110101100000000000101010111111111001111011111111011101001111111111010010
11111111110000011111111111101000111111111101110111111111110011110000000000111111111111111100111111111111110011111111111111011100
11111111111010111111111111100000000000000000011100000000000001111111111111111001111111111110101111111111110011111111111111110011
00000000000001111111111111100100000000000001010111111111110111011111111111111001111111111111100111111111110000011111111111111111
00000000001100011111111111110101000000000001010111111111101001010000000000010101000000000000011111111111101100111111111111100101
00000000001110001111111111111010000000000011100011111111100100000000000001010100111111111110010011111111111100101111111111001011
00000000000000000000000000000000000000000000000000000000000000000000000000000000000000000000000000000000000000000000000000000000
00000000000000000000000000000000000000000000000000000000000000000000000000000000000000000000000000000000000000000000000000000000
00000000000000000000000000000000000000000000000000000000000000000000000000000000000000000000000000000000000000000000000000000000
00000000000000000000000000000000000000000000000000000000000000000000000000000000000000000000000000000000000000000000000000000000
00000000000000000000000000000000000000000000000000000000000000000000000000000000000000000000000000000000000000000000000000000000
00000000000000000000000000000000000000000000000000000000000000000000000000000000000000000000000000000000000000000000000000000000
00000000000000000000000000000000000000000000000000000000000000000000000000000000000000000000000000000000000000000000000000000000
00000000000000000000000000000000000000000000000000000000000000000000000000000000000000000000000000000000000000000000000000000000
00000000000000000000000000000000000000000000000000000000000000000000000000000000000000000000000000000000000000000000000000000000
00000000000000000000000000000000000000000000000000000000000000000000000000000000000000000000000000000000000000000000000000000000
00000000000000000000000000000000000000000000000000000000000000000000000000000000000000000000000000000000000000000000000000000000
