#time0col7[msb-lsb],time0col6[msb-lst],....,time0col0[msb-lst]#
#time1col7[msb-lsb],time1col6[msb-lst],....,time1col0[msb-lst]#
#................#
00000000000000000000000000000000000000000000000000000000000000000000000000000000000000000000000000000000000000000000000000000000
00000000000000000000000000000000000000000000000000000000000000000000000000000000000000000000000000000000000000000000000000000000
00000000000000000000000000000000000000000000000000000000000000000000000000000000000000000000000000000000000000000000000000000000
00000000000000000000000000000000000000000000000000000000000000000000000000000000000000000000000000000000000000000000000000000000
00000000000000000000000000000000000000000000000000000000000000000000000000000000000000000000000000000000000000000000000000000000
00000000000000000000000000000000000000000000000000000000000000000000000000000000000000000000000000000000000000000000000000000000
00000000000000000000000000000000000000000000000000000000000000000000000000000000000000000000000000000000000000000000000000000000
00000000000000000000000000000000000000000000000000000000000000000000000000000000000000000000000000000000000000000000000000000000
00000000000000000000000000000000000000000000000000000000000000000000000000000000000000000000000000000000000000000000000000000000
00000000000000000000000000000000000000000000000000000000000000000000000000000000000000000000000000000000000000000000000000000000
00000000000000000000000000000000000000000000000000000000000000000000000000000000000000000000000000000000000000000000000000000000
11111111110101101111111110110000000000000110001000000000010101000000000001000110000000000011100011111111101110101111111111010100
11111111011101001111111101111111000000000110001000000000110100100000000000111000000000000110001011111111010110000000000000110101
11111111010010101111111101011101000000000011100000000000111111001111111111110010000000000000111011111111110101101111111111001000
11111110111101101111111100000111000000000101010000000001011110101111111110000010111111111110010011111111110101101111111110111100
11111111000001001111111100110100000000000111000000000001000010100000000000000000000000000010101011111111101110101111111111010010
11111111110011111111111101110011000000000011111100000000001100010000000010010011000000000011111111111111101100111111111110011111
11111111101001011111111101110111000000000101101100000000010110110000000010010011000000000100110100000000000101011111111101110011
11111111011011011111111110010000000000000011111100000000100100110000000000100011000000000011000100000000000001111111111110111010
00000000000000000000000000000000000000000000000000000000000000000000000000000000000000000000000000000000000000000000000000000000
00000000000000000000000000000000000000000000000000000000000000000000000000000000000000000000000000000000000000000000000000000000
00000000001010101111111110010100000000001110000000000000111000000000000001110000000000000010101011111111101011001111111101100000
11111111111100101111111110010001000000001111110000000001001001100000000001010100111111111111001011111111001011101111111111010110
11111111100101111111111101001000000000001111010100000001000100010000000000010101000000000001010111111111011110111111111110001010
11111111011001101111111101001100000000001010100000000001000010101111111111110010000000000011100011111111101110101111111110100010
11111111010010101111111101001010000000001011011000000000111011100000000000011100000000000110001011111111111100101111111110100111
00000000001111111111111110110001000000000101101111111111111010110000000000111111111111111100000111111111110000011111111110101000
00000000000111001111111110101110000000000101010011111111111001000000000001110000111111111111001011111111110101101111111110100101
11111111101011001111111110110101000000000001110000000000010001101111111111010110111111111100100000000000000000001111111110110001
00000000000000000000000000000000000000000000000000000000000000000000000000000000000000000000000000000000000000000000000000000000
00000000000000000000000000000000000000000000000000000000000000000000000000000000000000000000000000000000000000000000000000000000
00000000001110001111111110111001000000001011011000000000100011000000000001111110000000000101010011111111011001101111111110101110
00000000010001101111111111111000000000001110000000000000010101000000000000101010000000000000000011111111010110001111111111000001
00000000010101001111111111000000000000001101001011111111111100100000000010011010111111111111001011111111011001101111111110100001
11111111110010001111111110110000000000000001110000000000010001100000000000011100000000000011100000000000000000001111111111011110
11111111100101111111111110011101111111111101110100000000100001011111111110100101111111110110110100000000010110111111111110011100
11111111101110101111111110011111000000000000000000000000010101001111111111010110111111111011101000000000001010101111111110100001
00000000000000001111111110011101000000000100011011111111101011000000000000111000111111111010110011111111110010001111111110000000
11111111100010011111111110001011000000000101101100000000001000111111111111000001111111110101111111111111111110011111111101001111
00000000000000000000000000000000000000000000000000000000000000000000000000000000000000000000000000000000000000000000000000000000
00000000000000000000000000000000000000000000000000000000000000000000000000000000000000000000000000000000000000000000000000000000
11111111111100101111111110101110000000001001101000000000000000000000000001110000000000000000000011111111111100101111111110010111
00000000000000001111111111111000000000000100011011111111111001000000000000000000111111111011101000000000000000001111111110110010
00000000011010011111111111011010000000001000010100000000001000110000000000111111111111101111110111111111100101111111111110110101
00000000001010101111111110110101000000000100011000000000011000101111111111110010111111111001000011111111100111101111111111101001
11111111111100101111111111110000111111111110010000000000001010101111111110000010111111111001111011111111111001001111111111111110
11111111101110101111111111101001000000000000111011111111111100101111111111100100111111111111001000000000000000001111111111010111
11111111001011101111111101111100000000000011100000000000001110001111111110101100111111110111010000000000010001101111111100110000
11111111100101111111111110011111000000000111011111111111110011111111111111011101111111110101000111111111111010111111111101000001
00000000000000000000000000000000000000000000000000000000000000000000000000000000000000000000000000000000000000000000000000000000
00000000000000000000000000000000000000000000000000000000000000000000000000000000000000000000000000000000000000000000000000000000
11111111111110011111111111000010000000000101101100000000000001110000000001101001111111111111100111111111111110011111111110111001
00000000000000001111111111100101000000000000111000000000000111001111111111110010111111111010110000000000000000001111111111011011
00000000000101011111111111001011000000000001010100000000011010011111111111000001111111110101000111111111110011111111111111010101
11111111111100101111111110111100000000000000111000000000011000101111111110000010111111110110011011111111110010001111111111010100
00000000000001111111111111011010000000000001010100000000001000111111111111000001111111111011001111111111110011111111111111110010
11111111111110011111111110011100000000001000010100000000001100010000000000111111111111111111100111111111100010011111111111110010
11111111101011001111111101101100000000000111111000000000010101001111111111100100111111111100100011111111110101101111111110011010
11111111100111101111111110101010000000000100011011111111110010001111111111110010111111111101011011111111111001001111111110010001
00000000000000000000000000000000000000000000000000000000000000000000000000000000000000000000000000000000000000000000000000000000
00000000000000000000000000000000000000000000000000000000000000000000000000000000000000000000000000000000000000000000000000000000
11111111110010001111111110110100000000000110001000000000001010100000000001100010000000000010101011111111110010001111111111011010
11111111110011111111111111010110000000000011111100000000001100011111111111111001111111111100000111111111101100111111111111100010
11111111110101101111111111000111000000000110001011111111111100100000000000001110111111111100100011111111110101101111111110110001
11111111111001001111111110111000000000000111111011111111111001000000000000011100111111111110010011111111111001001111111111000010
11111111111001001111111110100011000000001000110011111111111001000000000000011100111111111111001011111111111100101111111110111011
11111111111001001111111110011010000000001100010000000000000000000000000001100010000000000000000011111111100111101111111111100000
11111111110011111111111110001101000000000011000111111111111110010000000000010101111111111100111111111111110111011111111110001011
11111111110011111111111110011100000000000000011111111111110011110000000000000111111111111100000111111111111110011111111110000010
00000000000000000000000000000000000000000000000000000000000000000000000000000000000000000000000000000000000000000000000000000000
00000000000000000000000000000000000000000000000000000000000000000000000000000000000000000000000000000000000000000000000000000000
00000000000111001111111110000100000000001011011000000000000000000000000011000100000000000000111011111111011001101111111111000101
00000000001010101111111110101001000000001101001011111111110101100000000000111000111111111001000011111111100000101111111111011011
11111111110111011111111110001010000000000110100100000000000001110000000010000101111111111111100111111111110011111111111111001011
00000000000001111111111110000110000000000011000100000000001000110000000010101111000000000000011111111111110000011111111111011000
11111111101110101111111110110100000000001000110000000000000000000000000000111000111111111111001011111111111001001111111110111000
11111111110011111111111110101001000000001000010100000000000101010000000001001101000000000001010111111111101100111111111111100011
11111111110111011111111110101101000000000101101100000000000101010000000000111111111111111100111111111111110011111111111110100100
11111111110101101111111110010000000000000010101011111111111100100000000000001110111111111100100000000000000111001111111110000000
00000000000000000000000000000000000000000000000000000000000000000000000000000000000000000000000000000000000000000000000000000000
00000000000000000000000000000000000000000000000000000000000000000000000000000000000000000000000000000000000000000000000000000000
11111111110111011111111110101111000000000110100100000000001000110000000001001101000000000001010111111111101100111111111111001101
11111111110011111111111110001101000000001101100111111111110000010000000000110001111111111100111100000000000001111111111110000100
11111111101011001111111110001101000000001010100000000000000000000000000000001110000000000000111000000000000111001111111110110000
11111111101100111111111110101000000000000011000100000000001100010000000000110001111111111110101100000000001000111111111110111110
11111111110011111111111111101011000000000001010111111111111110011111111111111001111111111110101100000000000001111111111111011001
11111111110111011111111111100111000000000011000111111111111110010000000000000111111111111111100111111111110111011111111111011100
11111111111010111111111111001011000000000100110100000000001000110000000000010101000000000001010111111111110000011111111111011100
11111111111001001111111110101000000000000100011000000000001110000000000000101010000000000001110011111111110101101111111111010011
00000000000000000000000000000000000000000000000000000000000000000000000000000000000000000000000000000000000000000000000000000000
00000000000000000000000000000000000000000000000000000000000000000000000000000000000000000000000000000000000000000000000000000000
00000000000000000000000000000000000000000000000000000000000000000000000000000000000000000000000000000000000000000000000000000000
00000000000000000000000000000000000000000000000000000000000000000000000000000000000000000000000000000000000000000000000000000000
00000000000000000000000000000000000000000000000000000000000000000000000000000000000000000000000000000000000000000000000000000000
00000000000000000000000000000000000000000000000000000000000000000000000000000000000000000000000000000000000000000000000000000000
00000000000000000000000000000000000000000000000000000000000000000000000000000000000000000000000000000000000000000000000000000000
00000000000000000000000000000000000000000000000000000000000000000000000000000000000000000000000000000000000000000000000000000000
00000000000000000000000000000000000000000000000000000000000000000000000000000000000000000000000000000000000000000000000000000000
00000000000000000000000000000000000000000000000000000000000000000000000000000000000000000000000000000000000000000000000000000000
00000000000000000000000000000000000000000000000000000000000000000000000000000000000000000000000000000000000000000000000000000000
