#time0col7[msb-lsb],time0col6[msb-lst],....,time0col0[msb-lst]#
#time1col7[msb-lsb],time1col6[msb-lst],....,time1col0[msb-lst]#
#................#
00000000000000000000000000000000000000000000000000000000000000000000000000000000000000000000000000000000000000000000000000000000
00000000000000000000000000000000000000000000000000000000000000000000000000000000000000000000000000000000000000000000000000000000
00000000000000000000000000000000000000000000000000000000000000000000000000000000000000000000000000000000000000000000000000000000
00000000000000000000000000000000000000000000000000000000000000000000000000000000000000000000000000000000000000000000000000000000
00000000000000000000000000000000000000000000000000000000000000000000000000000000000000000000000000000000000000000000000000000000
00000000000000000000000000000000000000000000000000000000000000000000000000000000000000000000000000000000000000000000000000000000
00000000000000000000000000000000000000000000000000000000000000000000000000000000000000000000000000000000000000000000000000000000
00000000000000000000000000000000000000000000000000000000000000000000000000000000000000000000000000000000000000000000000000000000
00000000000000000000000000000000000000000000000000000000000000000000000000000000000000000000000000000000000000000000000000000000
00000000000000000000000000000000000000000000000000000000000000000000000000000000000000000000000000000000000000000000000000000000
00000000000000000000000000000000000000000000000000000000000000000000000000000000000000000000000000000000000000000000000000000000
00000000000111001111111111100010000000000001110011111111111100100000000001110000000000000101010011111111110010001111111110101001
11111111100000101111111111000101000000000011100000000000101010000000000001100010000000000001110011111111110010001111111110011101
11111111100100001111111110001110000000001000110000000000110100100000000010110110000000000000000000000000001010101111111101011000
11111111100000101111111101110011000000001011011000000001010000100000000011000100000000000100011000000000001010101111111101011110
11111111101011001111111110001001000000000111111000000000111111000000000011010010000000000011100000000000011000101111111101100000
00000000011101111111111110001011111111111110101111111111111010110000000011110101000000000100110111111111101001011111111110011010
00000000011101111111111110110001000000000001010111111111101100110000000010111101000000001010000111111111011011011111111110000010
00000000000001111111111110110001000000000011111100000000010110110000000010000101000000000101101100000000000001111111111110011010
00000000000000000000000000000000000000000000000000000000000000000000000000000000000000000000000000000000000000000000000000000000
00000000000000000000000000000000000000000000000000000000000000000000000000000000000000000000000000000000000000000000000000000000
00000000101101101111111110100011000000001100010011111111101011000000000011101110000000000111000011111111110010001111111100101101
11111111101110101111111111001011000000001011011000000000101010000000000011111100000000000010101011111111101011001111111101000011
00000000010011011111111110000011000000000111011100000000100100110000000100010001000000001110011111111111110000011111111100110001
00000000001010101111111110011111000000000111000000000000011100000000000011000100000000001100010011111111110101101111111101101111
00000000010001101111111110010010000000001010100000000000010101000000000011100000000000000111000000000000001010101111111101100001
00000000100100111111111111010110111111111110101111111111110011110000000010101111000000000011111111111111110000011111111111011110
00000000011111101111111111101010111111111101011011111111100111100000000010001100000000000110001011111111100100001111111111001111
00000000000011101111111111000000000000000000000000000000001010100000000001100010000000001000110000000000000000001111111111000000
00000000000000000000000000000000000000000000000000000000000000000000000000000000000000000000000000000000000000000000000000000000
00000000000000000000000000000000000000000000000000000000000000000000000000000000000000000000000000000000000000000000000000000000
00000000011100001111111110010010000000000101010011111111111001000000000011100000000000000111000011111111101011001111111100111110
11111111111100101111111111100011000000001000110011111111111001000000000011100000000000000010101000000000001110001111111101001110
00000000101101101111111101111001111111111110010000000000001010100000000011111100000000001010100011111111100111101111111100110010
00000000001110001111111110111101000000000000111000000000000000000000000001000110000000000100011011111111101110101111111111010111
00000000001111111111111110100111000000000101101100000000010011010000000000010101000000000010001100000000010110111111111110101110
00000000011000101111111110010100000000000011100000000000010001100000000001100010000000000010101000000000001110001111111110111100
00000000011100001111111101010101111111111100100000000000000011100000000100001010000000000111111011111111110010001111111110000111
00000000000001111111111110010101111111111111100111111111110111010000000011011001000000010001111111111111111110011111111101101011
00000000000000000000000000000000000000000000000000000000000000000000000000000000000000000000000000000000000000000000000000000000
00000000000000000000000000000000000000000000000000000000000000000000000000000000000000000000000000000000000000000000000000000000
00000000011000101111111110111011000000000001110011111111101110100000000010101000000000001000110011111111100111101111111101111011
00000000001010101111111110111000000000000010101000000000000000000000000001000110000000000100011000000000001010101111111110010101
00000000100100111111111101111111111111111110101100000000100100110000000010000101000000001000010111111111100101111111111101011001
00000000011000101111111110001000111111111111001000000000000111000000000001110000000000001000110011111111100111101111111110100111
00000000000000001111111111010010111111111110010011111111101011001111111111110010000000001000110011111111111001001111111111011100
11111111101110101111111111001101000000000000000000000000000000000000000000111000000000000101010000000000000000001111111111000110
11111111100111101111111101001100000000000100011000000000011000100000000100001010000000001101001000000000010001101111111100100100
11111111110111011111111110001101111111111110101111111111101100110000000011110101000000010010110111111111111010111111111101001011
00000000000000000000000000000000000000000000000000000000000000000000000000000000000000000000000000000000000000000000000000000000
00000000000000000000000000000000000000000000000000000000000000000000000000000000000000000000000000000000000000000000000000000000
00000000010110111111111111011111000000000000011111111111110111010000000001011011000000000100110111111111101100111111111110101111
00000000010001101111111111001001000000000000000011111111111001000000000000001110000000000101010011111111111001001111111111000000
00000000011010011111111110011111111111111111100100000000000001110000000000110001000000001001001111111111110011111111111110100101
00000000001110001111111110000010111111111111001011111111100111100000000001010100000000001110000011111111110010001111111110011001
00000000000001111111111110100110000000000000011111111111100010010000000000111111000000000111011111111111110011111111111110111010
11111111111110011111111101010110000000000011111111111111110000010000000011001011000000000100110111111111110000011111111101101111
11111111111100101111111101000000000000000110001011111111100000100000000011111100000000001011011011111111110101101111111101101010
11111111101110101111111110000011000000000000000011111111101110100000000011000100000000001010100011111111111001001111111110001010
00000000000000000000000000000000000000000000000000000000000000000000000000000000000000000000000000000000000000000000000000000000
00000000000000000000000000000000000000000000000000000000000000000000000000000000000000000000000000000000000000000000000000000000
11111111111100101111111111000100000000000010101011111111111100100000000010001100000000000010101011111111111001001111111110011001
11111111111010111111111110100000000000000001010100000000000001110000000001101001000000000110100100000000000101011111111101110001
11111111111001001111111101110101000000000010101011111111110101100000000010101000000000000111111011111111111100101111111101101001
11111111111001001111111101111010000000000100011011111111101110100000000010110110000000000101010011111111111001001111111110001101
00000000000000001111111101101001000000000110001011111111100100000000000011010010000000000100011011111111111001001111111110010001
11111111111001001111111101101000000000000110001011111111111001000000000011101110000000000010101011111111111100101111111101100010
11111111111110011111111101110101000000000001010111111111100101110000000011100111000000000110100111111111110011111111111110000011
11111111111110011111111110011001111111111111100111111111110000010000000011001011000000000011111111111111111010111111111110011100
00000000000000000000000000000000000000000000000000000000000000000000000000000000000000000000000000000000000000000000000000000000
00000000000000000000000000000000000000000000000000000000000000000000000000000000000000000000000000000000000000000000000000000000
00000000010001101111111110001110000000000000000011111111110010000000000011111100000000000101010011111111100000101111111101110001
00000000001010101111111110001001000000000010101011111111100111100000000011010010000000000111000011111111110101101111111101101001
00000000001100011111111100110100000000001000010111111111110011110000000010111101111111111100000100000000000101011111111101100110
00000000011101111111111100101000000000000110100111111111110111010000000010010011111111111001011111111111111010111111111110000001
11111111110010001111111110110001000000000101010011111111110010000000000010110110000000000100011000000000000000001111111101111111
11111111110011111111111110110011000000000100110111111111110011110000000010101111000000000001010100000000000001111111111110011000
11111111110011111111111110100101000000000011111111111111111010110000000011011001000000000010001111111111110111011111111110000011
00000000010001101111111110100110000000000001110011111111110010000000000011000100000000000011100011111111111100101111111110101101
00000000000000000000000000000000000000000000000000000000000000000000000000000000000000000000000000000000000000000000000000000000
00000000000000000000000000000000000000000000000000000000000000000000000000000000000000000000000000000000000000000000000000000000
11111111110111011111111110100001000000000011111111111111110111010000000010111101000000000010001111111111111010111111111110000110
00000000000001111111111101111001000000000111011111111111010100010000000100000011000000001000010111111111110111011111111101100101
11111111111100101111111101101111000000001010100011111111001111000000000011100000000000000100011000000000000000001111111101110110
00000000000001111111111110001011000000001000010111111111110111010000000001011011111111111101110100000000001100011111111110010111
11111111110011111111111111011001000000000001010100000000000001110000000000111111000000000010001100000000000101011111111111000101
11111111110111011111111111011101000000000000011111111111111110010000000001001101000000000011111100000000000001111111111110111111
11111111111110011111111110111110000000000010001111111111111010110000000001110111000000000011111111111111111010111111111110110001
00000000001010101111111110101100000000000010101011111111111100100000000010001100000000000010101011111111111001001111111110110111
00000000000000000000000000000000000000000000000000000000000000000000000000000000000000000000000000000000000000000000000000000000
00000000000000000000000000000000000000000000000000000000000000000000000000000000000000000000000000000000000000000000000000000000
00000000000000000000000000000000000000000000000000000000000000000000000000000000000000000000000000000000000000000000000000000000
00000000000000000000000000000000000000000000000000000000000000000000000000000000000000000000000000000000000000000000000000000000
00000000000000000000000000000000000000000000000000000000000000000000000000000000000000000000000000000000000000000000000000000000
00000000000000000000000000000000000000000000000000000000000000000000000000000000000000000000000000000000000000000000000000000000
00000000000000000000000000000000000000000000000000000000000000000000000000000000000000000000000000000000000000000000000000000000
00000000000000000000000000000000000000000000000000000000000000000000000000000000000000000000000000000000000000000000000000000000
00000000000000000000000000000000000000000000000000000000000000000000000000000000000000000000000000000000000000000000000000000000
00000000000000000000000000000000000000000000000000000000000000000000000000000000000000000000000000000000000000000000000000000000
00000000000000000000000000000000000000000000000000000000000000000000000000000000000000000000000000000000000000000000000000000000
