#time0col7[msb-lsb],time0col6[msb-lst],....,time0col0[msb-lst]#
#time1col7[msb-lsb],time1col6[msb-lst],....,time1col0[msb-lst]#
#................#
00000000000000000000000000000000000000000000000000000000000000000000000000000000000000000000000000000000000000000000000000000000
00000000000000000000000000000000000000000000000000000000000000000000000000000000000000000000000000000000000000000000000000000000
00000000000000000000000000000000000000000000000000000000000000000000000000000000000000000000000000000000000000000000000000000000
00000000000000000000000000000000000000000000000000000000000000000000000000000000000000000000000000000000000000000000000000000000
00000000000000000000000000000000000000000000000000000000000000000000000000000000000000000000000000000000000000000000000000000000
00000000000000000000000000000000000000000000000000000000000000000000000000000000000000000000000000000000000000000000000000000000
00000000000000000000000000000000000000000000000000000000000000000000000000000000000000000000000000000000000000000000000000000000
00000000000000000000000000000000000000000000000000000000000000000000000000000000000000000000000000000000000000000000000000000000
00000000000000000000000000000000000000000000000000000000000000000000000000000000000000000000000000000000000000000000000000000000
00000000000000000000000000000000000000000000000000000000000000000000000000000000000000000000000000000000000000000000000000000000
00000000000000000000000000000000000000000000000000000000000000000000000000000000000000000000000000000000000000000000000000000000
00000000001010101111111110100111000000000001110011111111011001100000000001100010000000000010101000000000000011101111111110111001
00000000001110001111111100101011111111111111001011111111000001000000000000011100000000001010100011111111111100101111111110101001
00000000101010001111111100100101000000000101010011111110111101100000000001111110000000000100011000000000010101001111111110100000
00000000101101101111111010110011000000000011100011111110011110000000000001100010000000000011100000000000010101001111111110001000
00000000101101101111111100000000000000001011011011111110110110100000000011000100000000000011100000000000011100001111111110101010
00000000001100011111111101101110000000000011111111111111000010110000000011110101111111111100111100000000010110111111111110010110
00000000010110111111111110011111111111111111100111111111010000110000000010111101000000000011000100000000001100011111111110101010
00000000100001011111111101111001000000000100110111111111011011010000000010000101000000000011000100000000001111111111111111010010
00000000000000000000000000000000000000000000000000000000000000000000000000000000000000000000000000000000000000000000000000000000
00000000000000000000000000000000000000000000000000000000000000000000000000000000000000000000000000000000000000000000000000000000
00000000110100101111111101001111000000000001110011111110110011000000000010101000111111111111001000000000010001101111111101111011
00000000101101101111111011010010111111111111001011111110100101000000000000101010000000000111111011111111111001001111111110011111
00000000100100111111111011000100000000000101101111111110011100010000000010111101000000000100110100000000001000111111111101100000
00000000100011001111111011111011000000000010101011111110101111100000000010001100000000000011100000000000001110001111111110001100
00000000101101101111111100010000000000000100011011111110111010000000000011010010000000000010101000000000101101101111111110110001
11111111111010111111111110110110000000000011000111111111010100010000000010010011111111110111101100000000001000111111111111000010
11111111111001001111111111100110000000000001110011111111011101000000000010001100111111111100100000000000000000001111111110111110
00000000001110001111111110100000000000000111111011111111011101000000000001111110111111111110010000000000000000001111111111000001
00000000000000000000000000000000000000000000000000000000000000000000000000000000000000000000000000000000000000000000000000000000
00000000000000000000000000000000000000000000000000000000000000000000000000000000000000000000000000000000000000000000000000000000
00000000011111101111111101001110000000000110001011111111000001000000000010011010000000000101010000000000000000001111111101110111
00000000010101001111111101100101000000001000110011111111001000000000000010001100111111111110010000000000001110001111111110010001
11111111111100101111111101100001000000001001101011111111000001000000000011111100000000000101010000000000000000001111111101010010
00000000000111001111111110101000111111111110010011111111100100000000000000111000000000000010101000000000000111001111111111010011
00000000011101111111111111001010000000000100110111111111010111110000000010010011111111111010010100000000010110111111111110111000
00000000010001101111111110011100000000000011100011111111010110000000000010011010111111111001000000000000011100001111111110110101
11111111101011001111111101100001000000001000110011111110111101100000000100001010111111111001000000000000010001101111111101100000
00000000001000111111111101110001000000010001111111111110111000010000000100011111111111111010010111111111111110011111111101101000
00000000000000000000000000000000000000000000000000000000000000000000000000000000000000000000000000000000000000000000000000000000
00000000000000000000000000000000000000000000000000000000000000000000000000000000000000000000000000000000000000000000000000000000
00000000000000001111111110110011000000000011100011111111010110000000000010011010000000000011100000000000000011101111111110100011
11111111111001001111111111010100000000000100011011111111100100000000000001110000111111111101011000000000001010101111111110011010
00000000001000111111111101110100000000001000010111111110111111010000000010101111000000000110100111111111100101111111111101111001
00000000010101001111111101101000000000001011011011111111001000000000000001111110000000000110001011111111100111101111111110101111
00000000000011101111111111000110000000000111000011111111011101000000000001110000000000000001110011111111111001001111111110110000
11111111110101101111111111000111000000000011100011111111101011000000000000111000000000000000000000000000000000001111111110111010
00000000001110001111111101000011000000010001100011111110111010000000000100011000111111111011101000000000010001101111111101010011
11111111110011111111111101111101000000010010110111111110110100110000000100101101111111111010010111111111111010111111111101000001
00000000000000000000000000000000000000000000000000000000000000000000000000000000000000000000000000000000000000000000000000000000
00000000000000000000000000000000000000000000000000000000000000000000000000000000000000000000000000000000000000000000000000000000
00000000000001111111111111100101000000000000011111111111100101110000000001101001000000000010001100000000000001111111111111000111
00000000000111001111111111011111000000000011100011111111100100000000000001110000000000000001110000000000000000001111111110111100
00000000011010011111111110010101000000001010000111111111001001110000000010101111000000000011000111111111110011111111111110100010
00000000011000101111111101110010000000010000101011111110111101100000000011100000000000000011100011111111110010001111111110000111
00000000001000111111111110101000000000001010111111111111010100010000000001110111000000000011000111111111110011111111111110101111
00000000001100011111111101001100000000010000001111111110111111010000000010000101000000000111011111111111110000011111111110011100
00000000010101001111111100101100000000010100001011111110101111100000000010110110000000000000111011111111110101101111111110001100
11111111100111101111111101111010000000001001101011111111000100100000000010101000111111111011101000000000000011101111111101100111
00000000000000000000000000000000000000000000000000000000000000000000000000000000000000000000000000000000000000000000000000000000
00000000000000000000000000000000000000000000000000000000000000000000000000000000000000000000000000000000000000000000000000000000
00000000001010101111111110101010000000000110001011111111011101000000000001110000000000000011100000000000000011101111111111000110
00000000001100011111111110001100000000001011110111111111001101010000000011001011000000000011111100000000000101011111111110000111
11111111111100101111111110000000000000001100010011111111001011100000000010011010000000000001110011111111111100101111111101111110
11111111111001001111111110000010000000001011011011111111010010100000000001010100000000000001110011111111111001001111111110101101
11111111111001001111111101110000000000001010100011111111001011100000000001100010000000000000000000000000000011101111111110101111
00000000000000001111111101010110000000001110111011111111000100100000000001111110000000000101010011111111111100101111111110100101
11111111111110011111111110000001000000001011110111111110111111010000000011001011111111111011001100000000000101011111111101111010
11111111110000011111111110101101000000000110100111111111001001110000000011001011111111110110110100000000010011011111111101111000
00000000000000000000000000000000000000000000000000000000000000000000000000000000000000000000000000000000000000000000000000000000
00000000000000000000000000000000000000000000000000000000000000000000000000000000000000000000000000000000000000000000000000000000
00000000000000001111111101111111000000001100010011111111000001000000000010101000000000000100011011111111101110101111111110010101
11111111110101101111111101111001000000010001100011111110111010000000000011000100000000000011100011111111110101101111111110000111
00000000000001111111111101110100000000000111011111111110111011110000000010100001111111111110101100000000010110111111111110000011
00000000001000111111111110001011000000000011111111111110111111010000000010000101111111111110101100000000001111111111111110001010
00000000000000001111111110010101000000001000110011111111010010100000000001111110000000000000111000000000000111001111111110110000
00000000000101011111111110010101000000001010111111111111010100010000000001101001000000000001010100000000000001111111111111000110
00000000000101011111111110000001000000000110100111111111001001110000000010000101111111111101110100000000000101011111111110100100
11111111111100101111111110101101000000000100011011111111001111000000000011000100111111110111010000000000011100001111111110100010
00000000000000000000000000000000000000000000000000000000000000000000000000000000000000000000000000000000000000000000000000000000
00000000000000000000000000000000000000000000000000000000000000000000000000000000000000000000000000000000000000000000000000000000
00000000001000111111111110000111000000001001001111111111010000110000000001110111000000000001010100000000000001111111111110101110
11111111110000011111111101111001000000001011110111111110111111010000000010100001111111111110101100000000001000111111111110010000
00000000000000001111111101100100000000001000110011111111000001000000000010011010000000000000000000000000011100001111111110101000
00000000001100011111111110111101000000000011111111111111010111110000000001011011111111111101110100000000010011011111111110111010
11111111111110011111111111011001000000000011111111111111110000010000000000111111111111111111100100000000000101011111111111010010
11111111111010111111111111001100000000000100110111111111101001010000000001001101111111111111100100000000000001111111111111000000
00000000000001111111111110011010000000000100110111111111011011010000000001001101000000000000011100000000000001111111111110110110
00000000001010101111111110010110000000000101010011111111011001100000000001100010000000000000000000000000000111001111111111000111
00000000000000000000000000000000000000000000000000000000000000000000000000000000000000000000000000000000000000000000000000000000
00000000000000000000000000000000000000000000000000000000000000000000000000000000000000000000000000000000000000000000000000000000
00000000000000000000000000000000000000000000000000000000000000000000000000000000000000000000000000000000000000000000000000000000
00000000000000000000000000000000000000000000000000000000000000000000000000000000000000000000000000000000000000000000000000000000
00000000000000000000000000000000000000000000000000000000000000000000000000000000000000000000000000000000000000000000000000000000
00000000000000000000000000000000000000000000000000000000000000000000000000000000000000000000000000000000000000000000000000000000
00000000000000000000000000000000000000000000000000000000000000000000000000000000000000000000000000000000000000000000000000000000
00000000000000000000000000000000000000000000000000000000000000000000000000000000000000000000000000000000000000000000000000000000
00000000000000000000000000000000000000000000000000000000000000000000000000000000000000000000000000000000000000000000000000000000
00000000000000000000000000000000000000000000000000000000000000000000000000000000000000000000000000000000000000000000000000000000
00000000000000000000000000000000000000000000000000000000000000000000000000000000000000000000000000000000000000000000000000000000
