00000000000
00001100101
00011001010
00100110110
00110011011
01000000000
01001101100
01011010001
01100110110
00000000001
00001100110
00011001011
00100110111
00110011100
01000000001
01001101101
01011010010
01100110111
00000000010
00001100111
00011001100
00100111000
00110011101
01000000010
01001101110
01011010011
01100111000
00000000011
00001101000
00011001101
00100111001
00110011110
01000000011
01001101111
01011010100
01100111001
00000000100
00001101001
00011001110
00100111010
00110011111
01000000100
01001110000
01011010101
01100111010
00000000101
00001101010
00011001111
00100111011
00110100000
01000000101
01001110001
01011010110
01100111011
00000000110
00001101011
00011010000
00100111100
00110100001
01000000110
01001110010
01011010111
01100111100
00000000111
00001101100
00011010001
00100111101
00110100010
01000000111
01001110011
01011011000
01100111101
00000001010
00001101111
00011010100
00101000000
00110100101
01000001010
01001110110
01011011011
01101000000
00000001011
00001110000
00011010101
00101000001
00110100110
01000001011
01001110111
01011011100
01101000001
00000001100
00001110001
00011010110
00101000010
00110100111
01000001100
01001111000
01011011101
01101000010
00000001101
00001110010
00011010111
00101000011
00110101000
01000001101
01001111001
01011011110
01101000011
00000001110
00001110011
00011011000
00101000100
00110101001
01000001110
01001111010
01011011111
01101000100
00000001111
00001110100
00011011001
00101000101
00110101010
01000001111
01001111011
01011100000
01101000101
00000010000
00001110101
00011011010
00101000110
00110101011
01000010000
01001111100
01011100001
01101000110
00000010001
00001110110
00011011011
00101000111
00110101100
01000010001
01001111101
01011100010
01101000111
00000010100
00001111001
00011011110
00101001010
00110101111
01000010100
01010000000
01011100101
01101001010
00000010101
00001111010
00011011111
00101001011
00110110000
01000010101
01010000001
01011100110
01101001011
00000010110
00001111011
00011100000
00101001100
00110110001
01000010110
01010000010
01011100111
01101001100
00000010111
00001111100
00011100001
00101001101
00110110010
01000010111
01010000011
01011101000
01101001101
00000011000
00001111101
00011100010
00101001110
00110110011
01000011000
01010000100
01011101001
01101001110
00000011001
00001111110
00011100011
00101001111
00110110100
01000011001
01010000101
01011101010
01101001111
00000011010
00001111111
00011100100
00101010000
00110110101
01000011010
01010000110
01011101011
01101010000
00000011011
00010000000
00011100101
00101010001
00110110110
01000011011
01010000111
01011101100
01101010001
00000011110
00010000011
00011101000
00101010100
00110111001
01000011110
01010001010
01011101111
01101010100
00000011111
00010000100
00011101001
00101010101
00110111010
01000011111
01010001011
01011110000
01101010101
00000100000
00010000101
00011101010
00101010110
00110111011
01000100000
01010001100
01011110001
01101010110
00000100001
00010000110
00011101011
00101010111
00110111100
01000100001
01010001101
01011110010
01101010111
00000100010
00010000111
00011101100
00101011000
00110111101
01000100010
01010001110
01011110011
01101011000
00000100011
00010001000
00011101101
00101011001
00110111110
01000100011
01010001111
01011110100
01101011001
00000100100
00010001001
00011101110
00101011010
00110111111
01000100100
01010010000
01011110101
01101011010
00000100101
00010001010
00011101111
00101011011
00111000000
01000100101
01010010001
01011110110
01101011011
00000101000
00010001101
00011110010
00101011110
00111000011
01000101000
01010010100
01011111001
01101011110
00000101001
00010001110
00011110011
00101011111
00111000100
01000101001
01010010101
01011111010
01101011111
00000101010
00010001111
00011110100
00101100000
00111000101
01000101010
01010010110
01011111011
01101100000
00000101011
00010010000
00011110101
00101100001
00111000110
01000101011
01010010111
01011111100
01101100001
00000101100
00010010001
00011110110
00101100010
00111000111
01000101100
01010011000
01011111101
01101100010
00000101101
00010010010
00011110111
00101100011
00111001000
01000101101
01010011001
01011111110
01101100011
00000101110
00010010011
00011111000
00101100100
00111001001
01000101110
01010011010
01011111111
01101100100
00000101111
00010010100
00011111001
00101100101
00111001010
01000101111
01010011011
01100000000
01101100101
00000110010
00010010111
00011111100
00101101000
00111001101
01000110010
01010011110
01100000011
01101101000
00000110011
00010011000
00011111101
00101101001
00111001110
01000110011
01010011111
01100000100
01101101001
00000110100
00010011001
00011111110
00101101010
00111001111
01000110100
01010100000
01100000101
01101101010
00000110101
00010011010
00011111111
00101101011
00111010000
01000110101
01010100001
01100000110
01101101011
00000110110
00010011011
00100000000
00101101100
00111010001
01000110110
01010100010
01100000111
01101101100
00000110111
00010011100
00100000001
00101101101
00111010010
01000110111
01010100011
01100001000
01101101101
00000111000
00010011101
00100000010
00101101110
00111010011
01000111000
01010100100
01100001001
01101101110
00000111001
00010011110
00100000011
00101101111
00111010100
01000111001
01010100101
01100001010
01101101111
00000111100
00010100001
00100000110
00101110010
00111010111
01000111100
01010101000
01100001101
01101110010
00000111101
00010100010
00100000111
00101110011
00111011000
01000111101
01010101001
01100001110
01101110011
00000111110
00010100011
00100001000
00101110100
00111011001
01000111110
01010101010
01100001111
01101110100
00000111111
00010100100
00100001001
00101110101
00111011010
01000111111
01010101011
01100010000
01101110101
00001000000
00010100101
00100001010
00101110110
00111011011
01001000000
01010101100
01100010001
01101110110
00001000001
00010100110
00100001011
00101110111
00111011100
01001000001
01010101101
01100010010
01101110111
00001000010
00010100111
00100001100
00101111000
00111011101
01001000010
01010101110
01100010011
01101111000
00001000011
00010101000
00100001101
00101111001
00111011110
01001000011
01010101111
01100010100
01101111001
00001000110
00010101011
00100010000
00101111100
00111100001
01001000110
01010110010
01100010111
01101111100
00001000111
00010101100
00100010001
00101111101
00111100010
01001000111
01010110011
01100011000
01101111101
00001001000
00010101101
00100010010
00101111110
00111100011
01001001000
01010110100
01100011001
01101111110
00001001001
00010101110
00100010011
00101111111
00111100100
01001001001
01010110101
01100011010
01101111111
00001001010
00010101111
00100010100
00110000000
00111100101
01001001010
01010110110
01100011011
01110000000
00001001011
00010110000
00100010101
00110000001
00111100110
01001001011
01010110111
01100011100
01110000001
00001001100
00010110001
00100010110
00110000010
00111100111
01001001100
01010111000
01100011101
01110000010
00001001101
00010110010
00100010111
00110000011
00111101000
01001001101
01010111001
01100011110
01110000011
