000000000000000110010100011001010001001101100011001101101000000000010011011000101101000101100110110
000000000010000110011000011001011001001101110011001110001000000001010011011010101101001001100110111
000000000100000110011100011001100001001110000011001110101000000010010011011100101101001101100111000
000000000110000110100000011001101001001110010011001111001000000011010011011110101101010001100111001
000000001000000110100100011001110001001110100011001111101000000100010011100000101101010101100111010
000000001010000110101000011001111001001110110011010000001000000101010011100010101101011001100111011
000000001100000110101100011010000001001111000011010000101000000110010011100100101101011101100111100
000000001110000110110000011010001001001111010011010001001000000111010011100110101101100001100111101
000000010100000110111100011010100001010000000011010010101000001010010011101100101101101101101000000
000000010110000111000000011010101001010000010011010011001000001011010011101110101101110001101000001
000000011000000111000100011010110001010000100011010011101000001100010011110000101101110101101000010
000000011010000111001000011010111001010000110011010100001000001101010011110010101101111001101000011
000000011100000111001100011011000001010001000011010100101000001110010011110100101101111101101000100
000000011110000111010000011011001001010001010011010101001000001111010011110110101110000001101000101
000000100000000111010100011011010001010001100011010101101000010000010011111000101110000101101000110
000000100010000111011000011011011001010001110011010110001000010001010011111010101110001001101000111
000000101000000111100100011011110001010010100011010111101000010100010100000000101110010101101001010
000000101010000111101000011011111001010010110011011000001000010101010100000010101110011001101001011
000000101100000111101100011100000001010011000011011000101000010110010100000100101110011101101001100
000000101110000111110000011100001001010011010011011001001000010111010100000110101110100001101001101
000000110000000111110100011100010001010011100011011001101000011000010100001000101110100101101001110
000000110010000111111000011100011001010011110011011010001000011001010100001010101110101001101001111
000000110100000111111100011100100001010100000011011010101000011010010100001100101110101101101010000
000000110110001000000000011100101001010100010011011011001000011011010100001110101110110001101010001
000000111100001000001100011101000001010101000011011100101000011110010100010100101110111101101010100
000000111110001000010000011101001001010101010011011101001000011111010100010110101111000001101010101
000001000000001000010100011101010001010101100011011101101000100000010100011000101111000101101010110
000001000010001000011000011101011001010101110011011110001000100001010100011010101111001001101010111
000001000100001000011100011101100001010110000011011110101000100010010100011100101111001101101011000
000001000110001000100000011101101001010110010011011111001000100011010100011110101111010001101011001
000001001000001000100100011101110001010110100011011111101000100100010100100000101111010101101011010
000001001010001000101000011101111001010110110011100000001000100101010100100010101111011001101011011
000001010000001000110100011110010001010111100011100001101000101000010100101000101111100101101011110
000001010010001000111000011110011001010111110011100010001000101001010100101010101111101001101011111
000001010100001000111100011110100001011000000011100010101000101010010100101100101111101101101100000
000001010110001001000000011110101001011000010011100011001000101011010100101110101111110001101100001
000001011000001001000100011110110001011000100011100011101000101100010100110000101111110101101100010
000001011010001001001000011110111001011000110011100100001000101101010100110010101111111001101100011
000001011100001001001100011111000001011001000011100100101000101110010100110100101111111101101100100
000001011110001001010000011111001001011001010011100101001000101111010100110110110000000001101100101
000001100100001001011100011111100001011010000011100110101000110010010100111100110000001101101101000
000001100110001001100000011111101001011010010011100111001000110011010100111110110000010001101101001
000001101000001001100100011111110001011010100011100111101000110100010101000000110000010101101101010
000001101010001001101000011111111001011010110011101000001000110101010101000010110000011001101101011
000001101100001001101100100000000001011011000011101000101000110110010101000100110000011101101101100
000001101110001001110000100000001001011011010011101001001000110111010101000110110000100001101101101
000001110000001001110100100000010001011011100011101001101000111000010101001000110000100101101101110
000001110010001001111000100000011001011011110011101010001000111001010101001010110000101001101101111
000001111000001010000100100000110001011100100011101011101000111100010101010000110000110101101110010
000001111010001010001000100000111001011100110011101100001000111101010101010010110000111001101110011
000001111100001010001100100001000001011101000011101100101000111110010101010100110000111101101110100
000001111110001010010000100001001001011101010011101101001000111111010101010110110001000001101110101
000010000000001010010100100001010001011101100011101101101001000000010101011000110001000101101110110
000010000010001010011000100001011001011101110011101110001001000001010101011010110001001001101110111
000010000100001010011100100001100001011110000011101110101001000010010101011100110001001101101111000
000010000110001010100000100001101001011110010011101111001001000011010101011110110001010001101111001
000010001100001010101100100010000001011111000011110000101001000110010101100100110001011101101111100
000010001110001010110000100010001001011111010011110001001001000111010101100110110001100001101111101
000010010000001010110100100010010001011111100011110001101001001000010101101000110001100101101111110
000010010010001010111000100010011001011111110011110010001001001001010101101010110001101001101111111
000010010100001010111100100010100001100000000011110010101001001010010101101100110001101101110000000
000010010110001011000000100010101001100000010011110011001001001011010101101110110001110001110000001
000010011000001011000100100010110001100000100011110011101001001100010101110000110001110101110000010
000010011010001011001000100010111001100000110011110100001001001101010101110010110001111001110000011

