#time0row7[msb-lsb],time0row6[msb-lst],....,time0row0[msb-lst]#
#time1row7[msb-lsb],time1row6[msb-lst],....,time1row0[msb-lst]#
#................#
00000000000000000000000000000000
00000000000000000000000000000000
00000000000000000000000000000000
00000000000000000000000000000000
00000000000000000000000000000000
00000000000000000000000000000000
00000000000000000000000000000000
00000000000000000000000000000000
00000000000000000000000000000000
00000000000000000000000000000000
00000000000000000000000000000000
01000000000100110010000001000111
01110000001100010010000010100000
01000000001001010101000001100000
01110000000010010000000001100000
00110000000001010000000001010010
00010000000000010000000001100011
00110000000000110000000001100001
01100000010001100101000010010000
00000000000000000000000000000000
00000000000000000000000000000000
00000000000000110101000000001001
00000000000000010000000001010011
00000000000001110101000001010000
00000000000010100011000001010100
00100000000001010101000001010110
01010000000000001001000010010101
00000000000000100010000001110110
00100000010110100010000001110001
00000000000000000000000000000000
00000000000000000000000000000000
00010000010000100111000001001001
00000000000000100010000000100111
00110000000010000011000001010010
01010000010001100101000010110101
01110000010101010111000010110110
01100000010101001010000001110110
01000000011100010101000010010110
00000000011110010011000000110110
00000000000000000000000000000000
00000000000000000000000000000000
00100000010100100011000001100110
00100000001100100111000001000110
01110000001101110110000000110011
01100000010101000011000001110100
00110000011010000101000001000010
10100000010010010110000001100011
10010000010100100110000001110001
00000000010101000010000001011010
00000000000000000000000000000000
00000000000000000000000000000000
00110000001000100010000001110100
00110000010001010111000001110100
01010000001011001010000000000100
01010000010010000100000000110101
01100000011010000101000000100101
01110000010110010100000000100100
00100000001101110011000000000100
01010000001000100001000001110110
00000000000000000000000000000000
00000000000000000000000000000000
00100000000100110000000001010100
01010000000101010001000001100000
01000000001001100011000000000110
01100000000001000000000000000100
01010000001001000010000000000010
01000000001100100000000000010100
00110000001100100000000001000011
01000000001000000000000001010100
00000000000000000000000000000000
00000000000000000000000000000000
00010000001100000000000001010111
00000000001110000010000000000011
00110000010000110101000000100110
01110000001000000000000001100100
01000000001100000000000001110010
01000000001000000000000010000010
00100000001000000000000001100010
00010000000000000001000001000111
00000000000000000000000000000000
00000000000000000000000000000000
01010000001000010001000010000100
00000000001101010001000000100001
01000000001101100101000000110001
01100000001000110011000001110010
01010000001000110001000001110001
01000000001101000010000001100011
01000000001001010011000000110011
01000000000100110110000000110110
00000000000000000000000000000000
00000000000000000000000000000000
00000000000000000000000000000000
00000000000000000000000000000000
00000000000000000000000000000000
00000000000000000000000000000000
00000000000000000000000000000000
00000000000000000000000000000000
00000000000000000000000000000000
00000000000000000000000000000000
00000000000000000000000000000000
