#time0col7[msb-lsb],time0col6[msb-lst],....,time0col0[msb-lst]#
#time1col7[msb-lsb],time1col6[msb-lst],....,time1col0[msb-lst]#
#................#
00000000000000000000000000000000000000000000000000000000000000000000000000000000000000000000000000000000000000000000000000000000
00000000000000000000000000000000000000000000000000000000000000000000000000000000000000000000000000000000000000000000000000000000
00000000000000000000000000000000000000000000000000000000000000000000000000000000000000000000000000000000000000000000000000000000
00000000000000000000000000000000000000000000000000000000000000000000000000000000000000000000000000000000000000000000000000000000
00000000000000000000000000000000000000000000000000000000000000000000000000000000000000000000000000000000000000000000000000000000
00000000000000000000000000000000000000000000000000000000000000000000000000000000000000000000000000000000000000000000000000000000
00000000000000000000000000000000000000000000000000000000000000000000000000000000000000000000000000000000000000000000000000000000
00000000000000000000000000000000000000000000000000000000000000000000000000000000000000000000000000000000000000000000000000000000
00000000000000000000000000000000000000000000000000000000000000000000000000000000000000000000000000000000000000000000000000000000
00000000000000000000000000000000000000000000000000000000000000000000000000000000000000000000000000000000000000000000000000000000
00000000000000000000000000000000000000000000000000000000000000000000000000000000000000000000000000000000000000000000000000000000
11111111111101000000000000000000000000000000000000000000000000000000000000000000000000000000000000000000000000000000000000000110
00000000000000000000000000000000000000000000000000000000000000000000000000000011000000000000001100000000000000000000000000000000
11111111111111100000000000000000000000000000000000000000000000000000000000000100000000000000010000000000000000000000000000000001
11111111111111100000000000000000000000000000000000000000000000000000000000000000000000000000000000000000000000000000000000000001
11111111111111000000000000000000000000000000000000000000000000000000000000000000000000000000000000000000000000000000000000000010
11111111111110100000000000000000000000000000000000000000000000000000000000000000000000000000000000000000000000000000000000000011
00000000000000000000000000000000000000000000000000000000000000000000000000000000000000000000000000000000000000000000000000000000
00000000000000000000000000000000000000000000000000000000000000000000000000000110000000000000011000000000000000000000000000000000
00000000000000000000000000000000000000000000000000000000000000000000000000000000000000000000000000000000000000000000000000000000
00000000000000000000000000000000000000000000000000000000000000000000000000000000000000000000000000000000000000000000000000000000
11111111111010100000000000000000000000000000000000000000000000000000000000000000000000000000000000000000000000000000000000001011
11111111111110100000000000000000000000000000000000000000000000000000000000000000000000000000000000000000000000000000000000000011
11111111111111000000000000000000000000000000000000000000000000000000000000000000000000000000000000000000000000000000000000000010
11111111111101000000000000000000000000000000000000000000000000000000000000000000000000000000000000000000000000000000000000000110
11111111111100100000000000000000000000000000000000000000000000000000000000000000000000000000000000000000000000000000000000000111
11111111111100100000000000000000000000000000000000000000000000000000000000000000000000000000000000000000000000000000000000000111
11111111111100100000000000000000000000000000000000000000000000000000000000000001000000000000000100000000000000000000000000000111
11111111111111100000000000000000000000000000000000000000000000000000000000000101000000000000010100000000000000000000000000000001
00000000000000000000000000000000000000000000000000000000000000000000000000000000000000000000000000000000000000000000000000000000
00000000000000000000000000000000000000000000000000000000000000000000000000000000000000000000000000000000000000000000000000000000
11111111111010000000000000000000000000000000000000000000000000000000000000000100000000000000010000000000000000000000000000001100
11111111111100000000000000000000000000000000000000000000000000000000000000000000000000000000000000000000000000000000000000001000
11111111111110100000000000000000000000000000000000000000000000000000000000000001000000000000000100000000000000000000000000000011
11111111111101100000000000000000000000000000000000000000000000000000000000000011000000000000001100000000000000000000000000000101
11111111111101000000000000000000000000000000000000000000000000000000000000000101000000000000010100000000000000000000000000000110
11111111111100000000000000000000000000000000000000000000000000000000000000000111000000000000011100000000000000000000000000001000
11111111111101000000000000000000000000000000000000000000000000000000000000001001000000000000100100000000000000000000000000000110
11111111111101000000000000000000000000000000000000000000000000000000000000000111000000000000011100000000000000000000000000000110
00000000000000000000000000000000000000000000000000000000000000000000000000000000000000000000000000000000000000000000000000000000
00000000000000000000000000000000000000000000000000000000000000000000000000000000000000000000000000000000000000000000000000000000
11111111111101000000000000000000000000000000000000000000000000000000000000000111000000000000011100000000000000000000000000000110
11111111111100100000000000000000000000000000000000000000000000000000000000000110000000000000011000000000000000000000000000000111
11111111111110100000000000000000000000000000000000000000000000000000000000000100000000000000010000000000000000000000000000000011
11111111111101100000000000000000000000000000000000000000000000000000000000000100000000000000010000000000000000000000000000000101
11111111111110100000000000000000000000000000000000000000000000000000000000001001000000000000100100000000000000000000000000000011
11111111111110100000000000000000000000000000000000000000000000000000000000000101000000000000010100000000000000000000000000000011
11111111111111000000000000000000000000000000000000000000000000000000000000000110000000000000011000000000000000000000000000000010
11111111111011100000000000000000000000000000000000000000000000000000000000000110000000000000011000000000000000000000000000001001
00000000000000000000000000000000000000000000000000000000000000000000000000000000000000000000000000000000000000000000000000000000
00000000000000000000000000000000000000000000000000000000000000000000000000000000000000000000000000000000000000000000000000000000
11111111111101100000000000000000000000000000000000000000000000000000000000000101000000000000010100000000000000000000000000000101
11111111111101100000000000000000000000000000000000000000000000000000000000000111000000000000011100000000000000000000000000000101
11111111111110000000000000000000000000000000000000000000000000000000000000000011000000000000001100000000000000000000000000000100
11111111111110000000000000000000000000000000000000000000000000000000000000000101000000000000010100000000000000000000000000000100
11111111111110000000000000000000000000000000000000000000000000000000000000001000000000000000100000000000000000000000000000000100
11111111111110100000000000000000000000000000000000000000000000000000000000000011000000000000001100000000000000000000000000000011
11111111111101100000000000000000000000000000000000000000000000000000000000000100000000000000010000000000000000000000000000000101
11111111111101100000000000000000000000000000000000000000000000000000000000000010000000000000001000000000000000000000000000000101
00000000000000000000000000000000000000000000000000000000000000000000000000000000000000000000000000000000000000000000000000000000
00000000000000000000000000000000000000000000000000000000000000000000000000000000000000000000000000000000000000000000000000000000
11111111111101100000000000000000000000000000000000000000000000000000000000000010000000000000001000000000000000000000000000000101
11111111111110000000000000000000000000000000000000000000000000000000000000000011000000000000001100000000000000000000000000000100
11111111111100000000000000000000000000000000000000000000000000000000000000000011000000000000001100000000000000000000000000001000
11111111111110100000000000000000000000000000000000000000000000000000000000000000000000000000000000000000000000000000000000000011
11111111111110100000000000000000000000000000000000000000000000000000000000000011000000000000001100000000000000000000000000000011
11111111111101100000000000000000000000000000000000000000000000000000000000000101000000000000010100000000000000000000000000000101
11111111111110000000000000000000000000000000000000000000000000000000000000000011000000000000001100000000000000000000000000000100
11111111111101100000000000000000000000000000000000000000000000000000000000000000000000000000000000000000000000000000000000000101
00000000000000000000000000000000000000000000000000000000000000000000000000000000000000000000000000000000000000000000000000000000
00000000000000000000000000000000000000000000000000000000000000000000000000000000000000000000000000000000000000000000000000000000
11111111111100100000000000000000000000000000000000000000000000000000000000000011000000000000001100000000000000000000000000000111
11111111111111000000000000000000000000000000000000000000000000000000000000000100000000000000010000000000000000000000000000000010
11111111111101100000000000000000000000000000000000000000000000000000000000000101000000000000010100000000000000000000000000000101
11111111111111000000000000000000000000000000000000000000000000000000000000000011000000000000001100000000000000000000000000000010
11111111111111000000000000000000000000000000000000000000000000000000000000000011000000000000001100000000000000000000000000000010
11111111111110100000000000000000000000000000000000000000000000000000000000000011000000000000001100000000000000000000000000000011
11111111111111000000000000000000000000000000000000000000000000000000000000000011000000000000001100000000000000000000000000000010
11111111111011100000000000000000000000000000000000000000000000000000000000000000000000000000000000000000000000000000000000001001
00000000000000000000000000000000000000000000000000000000000000000000000000000000000000000000000000000000000000000000000000000000
00000000000000000000000000000000000000000000000000000000000000000000000000000000000000000000000000000000000000000000000000000000
11111111111101100000000000000000000000000000000000000000000000000000000000000000000000000000000000000000000000000000000000000101
00000000000000000000000000000000000000000000000000000000000000000000000000000011000000000000001100000000000000000000000000000000
00000000000000000000000000000000000000000000000000000000000000000000000000000011000000000000001100000000000000000000000000000000
11111111111111100000000000000000000000000000000000000000000000000000000000000010000000000000001000000000000000000000000000000001
11111111111111100000000000000000000000000000000000000000000000000000000000000011000000000000001100000000000000000000000000000001
11111111111110100000000000000000000000000000000000000000000000000000000000000011000000000000001100000000000000000000000000000011
11111111111110000000000000000000000000000000000000000000000000000000000000000011000000000000001100000000000000000000000000000100
11111111111101000000000000000000000000000000000000000000000000000000000000000010000000000000001000000000000000000000000000000110
00000000000000000000000000000000000000000000000000000000000000000000000000000000000000000000000000000000000000000000000000000000
00000000000000000000000000000000000000000000000000000000000000000000000000000000000000000000000000000000000000000000000000000000
00000000000000000000000000000000000000000000000000000000000000000000000000000000000000000000000000000000000000000000000000000000
00000000000000000000000000000000000000000000000000000000000000000000000000000000000000000000000000000000000000000000000000000000
00000000000000000000000000000000000000000000000000000000000000000000000000000000000000000000000000000000000000000000000000000000
00000000000000000000000000000000000000000000000000000000000000000000000000000000000000000000000000000000000000000000000000000000
00000000000000000000000000000000000000000000000000000000000000000000000000000000000000000000000000000000000000000000000000000000
00000000000000000000000000000000000000000000000000000000000000000000000000000000000000000000000000000000000000000000000000000000
00000000000000000000000000000000000000000000000000000000000000000000000000000000000000000000000000000000000000000000000000000000
00000000000000000000000000000000000000000000000000000000000000000000000000000000000000000000000000000000000000000000000000000000
00000000000000000000000000000000000000000000000000000000000000000000000000000000000000000000000000000000000000000000000000000000
