#time0col7[msb-lsb],time0col6[msb-lst],....,time0col0[msb-lst]#
#time1col7[msb-lsb],time1col6[msb-lst],....,time1col0[msb-lst]#
#................#
00000000000000000000000000000000000000000000000000000000000000000000000000000000000000000000000000000000000000000000000000000000
00000000000000000000000000000000000000000000000000000000000000000000000000000000000000000000000000000000000000000000000000000000
00000000000000000000000000000000000000000000000000000000000000000000000000000000000000000000000000000000000000000000000000000000
00000000000000000000000000000000000000000000000000000000000000000000000000000000000000000000000000000000000000000000000000000000
00000000000000000000000000000000000000000000000000000000000000000000000000000000000000000000000000000000000000000000000000000000
00000000000000000000000000000000000000000000000000000000000000000000000000000000000000000000000000000000000000000000000000000000
00000000000000000000000000000000000000000000000000000000000000000000000000000000000000000000000000000000000000000000000000000000
00000000000000000000000000000000000000000000000000000000000000000000000000000000000000000000000000000000000000000000000000000000
00000000000000000000000000000000000000000000000000000000000000000000000000000000000000000000000000000000000000000000000000000000
00000000000000000000000000000000000000000000000000000000000000000000000000000000000000000000000000000000000000000000000000000000
00000000000000000000000000000000000000000000000000000000000000000000000000000000000000000000000000000000000000000000000000000000
00000000001001100000000000110100000000000000000000000000001010010000000000011011000000000001001100000000001011010000000001000011
00000000000001000000000001011010000000000000000000000000010111110000000001101011111111111110111100000000000011010000000000110010
00000000001010010000000001000000000000000000000000000000010111100000000001100010000000000000110100000000001100100000000000101111
11111111111110100000000001010111000000000000000000000000001010000000000001011010000000000001001000000000010100000000000000100101
00000000000010010000000000111000000000000000000000000000000111110000000001000000111111111111010100000000001101100000000000101100
00000000000110100000000000011101000000000000000000000000001111110000000000100001111111111110011100000000000010100000000000111000
11111111111100010000000001000001000000000000000000000000001100100000000001000000111111111111100100000000000101010000000000011110
00000000001010010000000001011010000000000000000000000000010110110000000010010010111111111111111100000000010001010000000000110010
00000000000000000000000000000000000000000000000000000000000000000000000000000000000000000000000000000000000000000000000000000000
00000000000000000000000000000000000000000000000000000000000000000000000000000000000000000000000000000000000000000000000000000000
00000000011001100000000000000000000000000000000000000000000110101111111111011011000000000011110100000000010001100000000001010010
00000000000111010000000000010110000000000000000000000000001110110000000000011111111111111110000000000000000010100000000000111000
00000000001001110000000000010000000000000000000000000000001101100000000000101101000000000000011000000000010001100000000000100111
00000000001101010000000000100100000000000000000000000000000101100000000000011011000000000010011000000000010110000000000000111001
00000000010000110000000000100000000000000000000000000000010001110000000000011011000000000000101000000000001110100000000001010100
00000000001111000000000000111101000000000000000000000000100000110000000000100011000000000010011100000000001010000000000001011110
00000000010010010000000000010010000000000000000000000000010000110000000000001011000000000000011000000000000111100000000001001111
00000000001101010000000000110100000000000000000000000000001100100000000001101110111111111111101100000000010011100000000000101010
00000000000000000000000000000000000000000000000000000000000000000000000000000000000000000000000000000000000000000000000000000000
00000000000000000000000000000000000000000000000000000000000000000000000000000000000000000000000000000000000000000000000000000000
00000000011111110000000000010101000000000000000000000000001100111111111111110011000000000011110000000000001010110000000001100011
00000000010001000000000000000001000000000000000000000000000110011111111111100010000000000001011000000000000101100000000001000010
00000000001100000000000000101000000000000000000000000000001110110000000000111110000000000010001000000000010111100000000000101110
00000000001111110000000001001000000000000000000000000000010111110000000001001111000000000010010000000000010001110000000001001011
00000000011000010000000000101110000000000000000000000000011010110000000001001000000000000000111100000000001100110000000001010111
00000000100000100000000000100101000000000000000000000000011000000000000000110111000000000011100100000000010000000000000001010110
00000000011100010000000000101101000000000000000000000000010100100000000001001010000000000001000100000000000101010000000001001101
00000000011010110000000000010000000000000000000000000000000010010000000000110100000000000000110100000000001111100000000000111001
00000000000000000000000000000000000000000000000000000000000000000000000000000000000000000000000000000000000000000000000000000000
00000000000000000000000000000000000000000000000000000000000000000000000000000000000000000000000000000000000000000000000000000000
00000000011000000000000000011101000000000000000000000000001000010000000000110100111111111111111000000000000110000000000001000011
00000000011101000000000000001000000000000000000000000000010001100000000000011101000000000001010100000000000111100000000001001010
00000000001110010000000001001010000000000000000000000000010011100000000001100000000000000011011100000000010111110000000000110011
00000000010000010000000001001001000000000000000000000000010111000000000001010101000000000000111000000000001101000000000001010000
00000000011000110000000000101101000000000000000000000000001100000000000001101111000000000000110000000000010010110000000000110011
00000000001001000000000001111110000000000000000000000000010100000000000010000011000000000011010100000000010101110000000000111101
00000000001100100000000001011110000000000000000000000000011010100000000001110010000000000010110000000000001101010000000000110110
00000000011011110000000000100011000000000000000000000000001001100000000000100011000000000001001000000000001001100000000001011000
00000000000000000000000000000000000000000000000000000000000000000000000000000000000000000000000000000000000000000000000000000000
00000000000000000000000000000000000000000000000000000000000000000000000000000000000000000000000000000000000000000000000000000000
00000000010000010000000000111010000000000000000000000000010010000000000001001000111111111110100100000000000010010000000001010000
00000000011001100000000000011000000000000000000000000000010010000000000000111011000000000000101100000000000111100000000001000001
00000000001110110000000000101111000000000000000000000000000101100000000000110110000000000100101100000000011010100000000000100001
00000000001011010000000001001110000000000000000000000000000110110000000001010000000000000001001100000000001011100000000000110101
00000000010100100000000000111010000000000000000000000000000100100000000001010010000000000011100000000000010010100000000000100110
00000000001000010000000001010000000000000000000000000000000101110000000001010111000000000010101000000000010111010000000000101001
00000000010000100000000000101000000000000000000000000000000100000000000000110001000000000001101100000000001111110000000000110010
00000000001000110000000001001101000000000000000000000000010010010000000000111100000000000000010100000000000101100000000001001011
00000000000000000000000000000000000000000000000000000000000000000000000000000000000000000000000000000000000000000000000000000000
00000000000000000000000000000000000000000000000000000000000000000000000000000000000000000000000000000000000000000000000000000000
00000000001100000000000000101011000000000000000000000000001110000000000000100100000000000000001000000000000101000000000001000001
00000000001101100000000000111100000000000000000000000000001101110000000001001011000000000001100100000000010010110000000000111010
00000000010100010000000000100010000000000000000000000000000000000000000000001011000000000100010000000000010011010000000000111000
11111111111111010000000000111110000000000000000000000000000101000000000000001010000000000100000100000000000101010000000000010101
00000000001001000000000000101001000000000000000000000000000101110000000000011001000000000011111100000000001001010000000000010101
00000000001101000000000000110110000000000000000000000000000011110000000000011110000000000011001000000000000100100000000000101000
00000000001001010000000000101110000000000000000000000000000110010000000000100000000000000001001100000000000011110000000000101011
00000000000111100000000000101010000000000000000000000000001110110000000000010010111111111111111000000000000001010000000001000001
00000000000000000000000000000000000000000000000000000000000000000000000000000000000000000000000000000000000000000000000000000000
00000000000000000000000000000000000000000000000000000000000000000000000000000000000000000000000000000000000000000000000000000000
00000000001111100000000000101101000000000000000000000000001110000000000000010000000000000001001011111111111111110000000001001010
00000000001101100000000000001011000000000000000011111111111101100000000000101111000000000000101100000000001111110000000000010011
00000000010011010000000000100101000000000000000000000000000101010000000000110110000000000001111100000000010000100000000000110010
00000000000010110000000001010000000000000000000000000000010010100000000000111101000000000001010011111111111110100000000000101100
00000000000100010000000001000110000000000000000000000000010010010000000001000000111111111111111111111111111110100000000000110001
00000000000110110000000000111111000000000000000000000000010001010000000000111000111111111111101111111111111110100000000000111000
00000000000110100000000000101101000000000000000000000000001101100000000000110011111111111111000111111111111110100000000000101100
00000000001111100000000000100101000000000000000000000000001101011111111111110111000000000001010100000000000100010000000001011000
00000000000000000000000000000000000000000000000000000000000000000000000000000000000000000000000000000000000000000000000000000000
00000000000000000000000000000000000000000000000000000000000000000000000000000000000000000000000000000000000000000000000000000000
00000000000101100000000001001001000000000000000000000000010100110000000000100101000000000001011100000000000100010000000001000110
00000000000100100000000000010011000000000000000011111111111110110000000000101000000000000000000000000000000101100000000000000101
00000000000101010000000000110011000000000000000000000000000110110000000001010011000000000000110000000000010000010000000000010100
00000000000001010000000001011000000000000000000000000000010001110000000001011001000000000001001000000000001010010000000000101010
00000000000011100000000001001111000000000000000000000000010001010000000001011101111111111111100100000000000110110000000000101111
00000000000111110000000001000110000000000000000000000000001101100000000001001100111111111111111100000000001000100000000000111000
00000000001100100000000000110101000000000000000000000000001101110000000000111000000000000001110000000000001100010000000000110101
00000000001110010000000000110001000000000000000000000000001100000000000000100000000000000010100100000000001100110000000000111110
00000000000000000000000000000000000000000000000000000000000000000000000000000000000000000000000000000000000000000000000000000000
00000000000000000000000000000000000000000000000000000000000000000000000000000000000000000000000000000000000000000000000000000000
00000000000000000000000000000000000000000000000000000000000000000000000000000000000000000000000000000000000000000000000000000000
00000000000000000000000000000000000000000000000000000000000000000000000000000000000000000000000000000000000000000000000000000000
00000000000000000000000000000000000000000000000000000000000000000000000000000000000000000000000000000000000000000000000000000000
00000000000000000000000000000000000000000000000000000000000000000000000000000000000000000000000000000000000000000000000000000000
00000000000000000000000000000000000000000000000000000000000000000000000000000000000000000000000000000000000000000000000000000000
00000000000000000000000000000000000000000000000000000000000000000000000000000000000000000000000000000000000000000000000000000000
00000000000000000000000000000000000000000000000000000000000000000000000000000000000000000000000000000000000000000000000000000000
00000000000000000000000000000000000000000000000000000000000000000000000000000000000000000000000000000000000000000000000000000000
00000000000000000000000000000000000000000000000000000000000000000000000000000000000000000000000000000000000000000000000000000000
