#time0col7[msb-lsb],time0col6[msb-lst],....,time0col0[msb-lst]#
#time1col7[msb-lsb],time1col6[msb-lst],....,time1col0[msb-lst]#
#................#
00000000000000000000000000000000000000000000000000000000000000000000000000000000000000000000000000000000000000000000000000000000
00000000000000000000000000000000000000000000000000000000000000000000000000000000000000000000000000000000000000000000000000000000
00000000000000000000000000000000000000000000000000000000000000000000000000000000000000000000000000000000000000000000000000000000
00000000000000000000000000000000000000000000000000000000000000000000000000000000000000000000000000000000000000000000000000000000
00000000000000000000000000000000000000000000000000000000000000000000000000000000000000000000000000000000000000000000000000000000
00000000000000000000000000000000000000000000000000000000000000000000000000000000000000000000000000000000000000000000000000000000
00000000000000000000000000000000000000000000000000000000000000000000000000000000000000000000000000000000000000000000000000000000
00000000000000000000000000000000000000000000000000000000000000000000000000000000000000000000000000000000000000000000000000000000
00000000000000000000000000000000000000000000000000000000000000000000000000000000000000000000000000000000000000000000000000000000
00000000000000000000000000000000000000000000000000000000000000000000000000000000000000000000000000000000000000000000000000000000
00000000000000000000000000000000000000000000000000000000000000000000000000000000000000000000000000000000000000000000000000000000
11111111111110010000000000000000111111111110101111111111111111100000000000000110111111111111000011111111111101101111111111110111
11111111111011111111111111110001111111111110100111111111111110000000000000001111111111111111000011111111111100001111111111111011
11111111111101101111111111110000111111111110101011111111111111110000000000001000111111111111011011111111111101101111111111111001
11111111111101000000000000000011111111111110101011111111111110100000000000000100111111111110101011111111111010010000000000000001
11111111111101100000000000000010111111111111000111111111111110110000000000000011111111111111000111111111111101011111111111111100
11111111111101001111111111111110111111111111010111111111111110100000000000000110111111111111010111111111111111011111111111111000
11111111111101001111111111111110111111111111001111111111111110100000000000000110111111111111001111111111111101111111111111111100
11111111111100101111111111101110111111111110001011111111111111000000000000001010111111111111000011111111111011111111111111111000
00000000000000000000000000000000000000000000000000000000000000000000000000000000000000000000000000000000000000000000000000000000
00000000000000000000000000000000000000000000000000000000000000000000000000000000000000000000000000000000000000000000000000000000
00000000000000001111111111111101111111111110111100000000000001010000000000000010111111111111100100000000000000101111111111110010
11111111111101101111111111111111111111111111011111111111111110110000000000000100111111111111011111111111111111111111111111111000
11111111111101101111111111110011111111111110111100000000000000000000000000000011111111111111100111111111111111101111111111110110
11111111111101100000000000000000111111111110101011111111111111101111111111111110111111111111000011111111111110011111111111110100
11111111111101101111111111110111111111111110100100000000000000000000000000000111111111111111001111111111111111001111111111110010
11111111111011101111111111100001111111111110010000000000000000000000000000010111111111111111011011111111111111111111111111101110
11111111111100101111111111111011111111111110111111111111111110110000000000000111111111111111001100000000000000001111111111110001
11111111111101111111111111111110111111111110010111111111111110111111111111111100111111111110111011111111111011111111111111111000
00000000000000000000000000000000000000000000000000000000000000000000000000000000000000000000000000000000000000000000000000000000
00000000000000000000000000000000000000000000000000000000000000000000000000000000000000000000000000000000000000000000000000000000
11111111111111001111111111110010111111111110010100000000000000110000000000000110111111111111011111111111111111111111111111101101
11111111111111000000000000000001111111111111001100000000000000000000000000000010111111111111011100000000000000001111111111110101
11111111111101101111111111111100111111111110101111111111111111100000000000000011111111111111000111111111111101011111111111111001
11111111111011101111111111110001111111111101110011111111111110100000000000001011111111111110101011111111111100011111111111110000
11111111111011111111111111101011111111111101011111111111111111000000000000001111111111111110101011111111111011111111111111101111
11111111111101111111111111100101111111111101101000000000000000110000000000001110111111111111001111111111111101011111111111101111
11111111111101011111111111101111111111111110000011111111111111000000000000001010111111111111000111111111111101011111111111110000
00000000000000010000000000000011111111111110010000000000000000001111111111110110111111111111000111111111111100111111111111110100
00000000000000000000000000000000000000000000000000000000000000000000000000000000000000000000000000000000000000000000000000000000
00000000000000000000000000000000000000000000000000000000000000000000000000000000000000000000000000000000000000000000000000000000
11111111111110011111111111111001111111111110100011111111111111010000000000000100111111111111001111111111111110001111111111110011
11111111111110111111111111101111111111111110100000000000000000110000000000001000111111111111100111111111111111101111111111110001
11111111111111011111111111110101111111111110001100000000000000110000000000000110111111111111001011111111111011101111111111111011
11111111111101111111111111111000111111111110001111111111111111000000000000000111111111111110111011111111111011101111111111111000
11111111111111101111111111110111111111111110010000000000000000011111111111111110111111111111010011111111111100011111111111111000
11111111111110001111111111110100111111111101101000000000000000000000000000001001111111111110101011111111111001011111111111111011
11111111111101111111111111101010111111111110001011111111111111110000000000001111111111111111001111111111111011011111111111111011
11111111111110110000000000000011111111111110011011111111111111011111111111111110111111111110111111111111111110011111111111101111
00000000000000000000000000000000000000000000000000000000000000000000000000000000000000000000000000000000000000000000000000000000
00000000000000000000000000000000000000000000000000000000000000000000000000000000000000000000000000000000000000000000000000000000
11111111111101001111111111111001111111111110110011111111111110110000000000001000111111111111001011111111111110001111111111110110
11111111111101101111111111101101111111111110001000000000000000000000000000001000111111111111010011111111111110001111111111110001
00000000000000101111111111110010111111111101111100000000000010100000000000000001111111111111010111111111111100101111111111110111
11111111111111101111111111111110111111111110001100000000000000010000000000000000111111111110111111111111111011101111111111111001
00000000000000101111111111111100111111111110000000000000000000111111111111111111111111111111000011111111111010111111111111111010
00000000000000011111111111111111111111111110000100000000000000101111111111111111111111111110111011111111111010001111111111111101
00000000000000110000000000000010111111111110110100000000000000111111111111111011111111111111011011111111111101011111111111111011
11111111111101001111111111111110111111111110100111111111111110100000000000001001111111111110110111111111111100111111111111110111
00000000000000000000000000000000000000000000000000000000000000000000000000000000000000000000000000000000000000000000000000000000
00000000000000000000000000000000000000000000000000000000000000000000000000000000000000000000000000000000000000000000000000000000
11111111111101110000000000000010111111111111000111111111111110110000000000000011111111111111001011111111111110001111111111111001
11111111111101011111111111111100111111111110111011111111111110110000000000000110111111111111000111111111111100011111111111111110
00000000000000100000000000000011111111111110101100000000000000111111111111111111111111111111001111111111111100111111111111111011
00000000000000000000000000001000111111111111001000000000000000000000000000000010111111111111001011111111111100000000000000000010
00000000000000100000000000000000111111111111000100000000000000100000000000000001111111111111011111111111111100100000000000000001
00000000000000010000000000000101111111111111001011111111111111110000000000000000111111111111010111111111111100111111111111111111
11111111111110110000000000000001111111111111000111111111111111000000000000000010111111111111010011111111111101011111111111111100
11111111111110001111111111111111111111111111000111111111111110110000000000000111111111111111001111111111111101101111111111111011
00000000000000000000000000000000000000000000000000000000000000000000000000000000000000000000000000000000000000000000000000000000
00000000000000000000000000000000000000000000000000000000000000000000000000000000000000000000000000000000000000000000000000000000
11111111111110010000000000000010111111111111000011111111111110110000000000000011111111111111001111111111111110111111111111110101
00000000000000110000000000000101111111111111000000000000000000101111111111110111111111111111011111111111111101111111111111111011
00000000000000001111111111111000111111111110100100000000000000110000000000000011111111111111011111111111111110001111111111110110
11111111111101101111111111111110111111111110110111111111111110100000000000001011111111111110111111111111111100001111111111111101
11111111111101011111111111111011111111111111000011111111111110010000000000001000111111111111001111111111111101011111111111111011
11111111111100101111111111111010111111111111000011111111111110000000000000001010111111111111001011111111111101101111111111111010
11111111111101101111111111111100111111111111010011111111111110100000000000000110111111111111011011111111111110101111111111111010
11111111111110000000000000000000111111111111001111111111111111010000000000000110111111111111010111111111111111111111111111110101
00000000000000000000000000000000000000000000000000000000000000000000000000000000000000000000000000000000000000000000000000000000
00000000000000000000000000000000000000000000000000000000000000000000000000000000000000000000000000000000000000000000000000000000
11111111111100101111111111111010111111111110101111111111111110010000000000001011111111111110111111111111111101001111111111111000
11111111111111110000000000000001111111111111010011111111111111111111111111111011111111111111100111111111111110011111111111111100
11111111111111011111111111110101111111111110101000000000000000100000000000000011111111111111011111111111111101001111111111111011
11111111111101001111111111110101111111111110100111111111111111000000000000001011111111111111000111111111111100101111111111111010
11111111111101001111111111111010111111111110110111111111111110100000000000001000111111111111000111111111111100101111111111111100
11111111111101111111111111111011111111111110101011111111111111000000000000000101111111111111000111111111111100111111111111111001
11111111111111001111111111111100111111111110110000000000000000000000000000000011111111111111010011111111111101001111111111111011
11111111111110111111111111110100111111111110100100000000000000110000000000001001111111111111011011111111111110101111111111110101
00000000000000000000000000000000000000000000000000000000000000000000000000000000000000000000000000000000000000000000000000000000
00000000000000000000000000000000000000000000000000000000000000000000000000000000000000000000000000000000000000000000000000000000
00000000000000000000000000000000000000000000000000000000000000000000000000000000000000000000000000000000000000000000000000000000
00000000000000000000000000000000000000000000000000000000000000000000000000000000000000000000000000000000000000000000000000000000
00000000000000000000000000000000000000000000000000000000000000000000000000000000000000000000000000000000000000000000000000000000
00000000000000000000000000000000000000000000000000000000000000000000000000000000000000000000000000000000000000000000000000000000
00000000000000000000000000000000000000000000000000000000000000000000000000000000000000000000000000000000000000000000000000000000
00000000000000000000000000000000000000000000000000000000000000000000000000000000000000000000000000000000000000000000000000000000
00000000000000000000000000000000000000000000000000000000000000000000000000000000000000000000000000000000000000000000000000000000
00000000000000000000000000000000000000000000000000000000000000000000000000000000000000000000000000000000000000000000000000000000
00000000000000000000000000000000000000000000000000000000000000000000000000000000000000000000000000000000000000000000000000000000
