#time0row7[msb-lsb],time0row6[msb-lst],....,time0row0[msb-lst]#
#time1row7[msb-lsb],time1row6[msb-lst],....,time1row0[msb-lst]#
#................#
00000000000000000000000000000000
00000000000000000000000000000000
00000000000000000000000000000000
00000000000000000000000000000000
00000000000000000000000000000000
00000000000000000000000000000000
00000000000000000000000000000000
00000000000000000000000000000000
00000000000000000000000000000000
00000000000000000000000000000000
00000000000000000000000000000000
00000000010011110000000001100100
00000000000010010000000010001001
00000000010101110000000010110110
00000000001010010000000011110110
00000000010111010000000011000011
00000000011011000000000001110000
00000000000001110000000010010100
00000000000001010000000011101011
00000000000000000000000000000000
00000000000000000000000000000000
00000000010111010000000000110000
00000000001001000000000001010101
00000000001001000000000001110100
00000000011101010000000000110000
00000000110010100000000000100000
00000000100010110000000000110011
00000000011000110000000000000010
00000000001000100000000011010111
00000000000000000000000000000000
00000000000000000000000000000000
00000000010001010000000000000011
00000000011001000000000000010001
00000000001100010000000000100011
00000000010000000000000000000101
00000000011000100000000000100111
00000000101001100000000001110101
00000000011001000000000000111001
00000000010100000000000001000010
00000000000000000000000000000000
00000000000000000000000000000000
00000000011000100000000000010111
00000000100000110000000000010101
00000000010001000000000010000111
00000000010000000000000001010111
00000000011100000000000000110101
00000000011101010000000001110101
00000000001001010000000001111100
00000000010100110000000000000010
00000000000000000000000000000000
00000000000000000000000000000000
00000000011001010000000001011100
00000000011000110000000000011011
00000000000000110000000001110010
00000000010000000000000001110011
00000000010100000000000001100010
00000000000100100000000001100010
00000000010000000000000001100001
00000000010001010000000001010011
00000000000000000000000000000000
00000000000000000000000000000000
00000000011010000000000001101001
00000000001010010000000001101110
00000000000010100000000000100000
00000000010010010000000001100000
00000000001010000000000001110000
00000000001010100000000001100000
00000000001110000000000010000010
00000000011010100000000001110100
00000000000000000000000000000000
00000000000000000000000000000000
00000000010110010000000001001000
00000000001101110000000001000010
00000000001010110000000001000000
00000000000111010000000010100101
00000000000010100000000010011000
00000000000010010000000010100111
00000000010110100000000010110110
00000000101010110000000001010010
00000000000000000000000000000000
00000000000000000000000000000000
00000000001111110000000010111101
00000000001011110000000000110001
00000000000111000000000001110011
00000000010010010000000010111000
00000000010101110000000010100111
00000000011101110000000010010101
00000000011110110000000001110100
00000000010111000000000001110110
00000000000000000000000000000000
00000000000000000000000000000000
00000000000000000000000000000000
00000000000000000000000000000000
00000000000000000000000000000000
00000000000000000000000000000000
00000000000000000000000000000000
00000000000000000000000000000000
00000000000000000000000000000000
00000000000000000000000000000000
00000000000000000000000000000000
