#time0col7[msb-lsb],time0col6[msb-lst],....,time0col0[msb-lst]#
#time1col7[msb-lsb],time1col6[msb-lst],....,time1col0[msb-lst]#
#................#
00000000000000000000000000000000000000000000000000000000000000000000000000000000000000000000000000000000000000000000000000000000
00000000000000000000000000000000000000000000000000000000000000000000000000000000000000000000000000000000000000000000000000000000
00000000000000000000000000000000000000000000000000000000000000000000000000000000000000000000000000000000000000000000000000000000
00000000000000000000000000000000000000000000000000000000000000000000000000000000000000000000000000000000000000000000000000000000
00000000000000000000000000000000000000000000000000000000000000000000000000000000000000000000000000000000000000000000000000000000
00000000000000000000000000000000000000000000000000000000000000000000000000000000000000000000000000000000000000000000000000000000
00000000000000000000000000000000000000000000000000000000000000000000000000000000000000000000000000000000000000000000000000000000
00000000000000000000000000000000000000000000000000000000000000000000000000000000000000000000000000000000000000000000000000000000
00000000000000000000000000000000000000000000000000000000000000000000000000000000000000000000000000000000000000000000000000000000
00000000000000000000000000000000000000000000000000000000000000000000000000000000000000000000000000000000000000000000000000000000
00000000000000000000000000000000000000000000000000000000000000000000000000000000000000000000000000000000000000000000000000000000
00000000000000001111111111111100000000000111100100000000000000000000000000000000000000000000000000000000000000000000000000000000
00000000000000000000000000000000000000000011010000000000000000000000000000000000000000000000000000000000000000000000000000000000
00000000000000001111111111111011000000000100100100000000000000000000000000000000000000000000000000000000000000000000000000000000
00000000000000001111111111111110000000000101001100000000000000000000000000000000000000000000000000000000000000000000000000000000
00000000000000001111111111111011000000000111111000000000000000000000000000000000000000000000000000000000000000000000000000000000
00000000000000001111111111111010000000000111101000000000000000000000000000000000000000000000000000000000000000000000000000000000
00000000000000000000000000000000000000000011011100000000000000000000000000000000000000000000000000000000000000000000000000000000
00000000000000000000000000000000000000000001111000000000000000000000000000000000000000000000000000000000000000000000000000000000
00000000000000000000000000000000000000000000000000000000000000000000000000000000000000000000000000000000000000000000000000000000
00000000000000000000000000000000000000000000000000000000000000000000000000000000000000000000000000000000000000000000000000000000
00000000000000001111111111111011000000000111010100000000000000000000000000000000000000000000000000000000000000000000000000000000
00000000000000001111111111111110000000000001111100000000000000000000000000000000000000000000000000000000000000000000000000000000
00000000000000001111111111111110000000000010011000000000000000000000000000000000000000000000000000000000000000000000000000000000
00000000000000001111111111111001000000000100010100000000000000000000000000000000000000000000000000000000000000000000000000000000
00000000000000001111111111110100000000000111101000000000000000000000000000000000000000000000000000000000000000000000000000000000
00000000000000001111111111111000000000000110101000000000000000000000000000000000000000000000000000000000000000000000000000000000
00000000000000001111111111111010000000000010011100000000000000000000000000000000000000000000000000000000000000000000000000000000
00000000000000001111111111111110000000000001101100000000000000000000000000000000000000000000000000000000000000000000000000000000
00000000000000000000000000000000000000000000000000000000000000000000000000000000000000000000000000000000000000000000000000000000
00000000000000000000000000000000000000000000000000000000000000000000000000000000000000000000000000000000000000000000000000000000
00000000000000001111111111111100000000000010101000000000000000000000000000000000000000000000000000000000000000000000000000000000
00000000000000001111111111111010000000000011001100000000000000000000000000000000000000000000000000000000000000000000000000000000
00000000000000001111111111111101000000000000111000000000000000000000000000000000000000000000000000000000000000000000000000000000
00000000000000001111111111111100000000000000000100000000000000000000000000000000000000000000000000000000000000000000000000000000
00000000000000001111111111111010000000000001010100000000000000000000000000000000000000000000000000000000000000000000000000000000
00000000000000001111111111110110000000000101000100000000000000000000000000000000000000000000000000000000000000000000000000000000
00000000000000001111111111111010000000000001111100000000000000000000000000000000000000000000000000000000000000000000000000000000
00000000000000001111111111111011000000000001011000000000000000000000000000000000000000000000000000000000000000000000000000000000
00000000000000000000000000000000000000000000000000000000000000000000000000000000000000000000000000000000000000000000000000000000
00000000000000000000000000000000000000000000000000000000000000000000000000000000000000000000000000000000000000000000000000000000
00000000000000001111111111111010000000000001001100000000000000000000000000000000000000000000000000000000000000000000000000000000
00000000000000001111111111111000000000000010100000000000000000000000000000000000000000000000000000000000000000000000000000000000
00000000000000001111111111111100000000000010011100000000000000000000000000000000000000000000000000000000000000000000000000000000
00000000000000001111111111111100000000000000010100000000000000000000000000000000000000000000000000000000000000000000000000000000
00000000000000001111111111111001000000000001001100000000000000000000000000000000000000000000000000000000000000000000000000000000
00000000000000001111111111111001000000000011111000000000000000000000000000000000000000000000000000000000000000000000000000000000
00000000000000001111111111111110000000000001010100000000000000000000000000000000000000000000000000000000000000000000000000000000
00000000000000001111111111111011000000000010001100000000000000000000000000000000000000000000000000000000000000000000000000000000
00000000000000000000000000000000000000000000000000000000000000000000000000000000000000000000000000000000000000000000000000000000
00000000000000000000000000000000000000000000000000000000000000000000000000000000000000000000000000000000000000000000000000000000
00000000000000001111111111111010000000000010000100000000000000000000000000000000000000000000000000000000000000000000000000000000
00000000000000001111111111111010000000000000111000000000000000000000000000000000000000000000000000000000000000000000000000000000
00000000000000000000000000000000000000000001110100000000000000000000000000000000000000000000000000000000000000000000000000000000
00000000000000001111111111111100000000000001010100000000000000000000000000000000000000000000000000000000000000000000000000000000
00000000000000001111111111111011000000000001101000000000000000000000000000000000000000000000000000000000000000000000000000000000
00000000000000001111111111111111000000000001100000000000000000000000000000000000000000000000000000000000000000000000000000000000
00000000000000001111111111111100000000000001100100000000000000000000000000000000000000000000000000000000000000000000000000000000
00000000000000001111111111111100000000000011010000000000000000000000000000000000000000000000000000000000000000000000000000000000
00000000000000000000000000000000000000000000000000000000000000000000000000000000000000000000000000000000000000000000000000000000
00000000000000000000000000000000000000000000000000000000000000000000000000000000000000000000000000000000000000000000000000000000
00000000000000001111111111111010000000000100000100000000000000000000000000000000000000000000000000000000000000000000000000000000
00000000000000001111111111111110000000000010100100000000000000000000000000000000000000000000000000000000000000000000000000000000
00000000000000000000000000000000000000000100101000000000000000000000000000000000000000000000000000000000000000000000000000000000
00000000000000001111111111111100000000000101101100000000000000000000000000000000000000000000000000000000000000000000000000000000
00000000000000001111111111111110000000000100111000000000000000000000000000000000000000000000000000000000000000000000000000000000
00000000000000001111111111111110000000000101101000000000000000000000000000000000000000000000000000000000000000000000000000000000
00000000000000001111111111111101000000000100111000000000000000000000000000000000000000000000000000000000000000000000000000000000
00000000000000001111111111111010000000000110000000000000000000000000000000000000000000000000000000000000000000000000000000000000
00000000000000000000000000000000000000000000000000000000000000000000000000000000000000000000000000000000000000000000000000000000
00000000000000000000000000000000000000000000000000000000000000000000000000000000000000000000000000000000000000000000000000000000
00000000000000001111111111111011000000000100001100000000000000000000000000000000000000000000000000000000000000000000000000000000
00000000000000001111111111111101000000000011111100000000000000000000000000000000000000000000000000000000000000000000000000000000
00000000000000001111111111111110000000000101110100000000000000000000000000000000000000000000000000000000000000000000000000000000
00000000000000001111111111111111000000000110010000000000000000000000000000000000000000000000000000000000000000000000000000000000
00000000000000000000000000000000000000000100000000000000000000000000000000000000000000000000000000000000000000000000000000000000
00000000000000000000000000000000000000000011111000000000000000000000000000000000000000000000000000000000000000000000000000000000
00000000000000001111111111111011000000000101111000000000000000000000000000000000000000000000000000000000000000000000000000000000
00000000000000001111111111110110000000000111100100000000000000000000000000000000000000000000000000000000000000000000000000000000
00000000000000000000000000000000000000000000000000000000000000000000000000000000000000000000000000000000000000000000000000000000
00000000000000000000000000000000000000000000000000000000000000000000000000000000000000000000000000000000000000000000000000000000
00000000000000001111111111111101000000000110010000000000000000000000000000000000000000000000000000000000000000000000000000000000
00000000000000001111111111111110000000000111010000000000000000000000000000000000000000000000000000000000000000000000000000000000
00000000000000001111111111111111000000000101110100000000000000000000000000000000000000000000000000000000000000000000000000000000
00000000000000001111111111111100000000000100110100000000000000000000000000000000000000000000000000000000000000000000000000000000
00000000000000001111111111111011000000000100010000000000000000000000000000000000000000000000000000000000000000000000000000000000
00000000000000001111111111111001000000000101000000000000000000000000000000000000000000000000000000000000000000000000000000000000
00000000000000001111111111111001000000000110101100000000000000000000000000000000000000000000000000000000000000000000000000000000
00000000000000001111111111111011000000000110010000000000000000000000000000000000000000000000000000000000000000000000000000000000
00000000000000000000000000000000000000000000000000000000000000000000000000000000000000000000000000000000000000000000000000000000
00000000000000000000000000000000000000000000000000000000000000000000000000000000000000000000000000000000000000000000000000000000
00000000000000000000000000000000000000000000000000000000000000000000000000000000000000000000000000000000000000000000000000000000
00000000000000000000000000000000000000000000000000000000000000000000000000000000000000000000000000000000000000000000000000000000
00000000000000000000000000000000000000000000000000000000000000000000000000000000000000000000000000000000000000000000000000000000
00000000000000000000000000000000000000000000000000000000000000000000000000000000000000000000000000000000000000000000000000000000
00000000000000000000000000000000000000000000000000000000000000000000000000000000000000000000000000000000000000000000000000000000
00000000000000000000000000000000000000000000000000000000000000000000000000000000000000000000000000000000000000000000000000000000
00000000000000000000000000000000000000000000000000000000000000000000000000000000000000000000000000000000000000000000000000000000
00000000000000000000000000000000000000000000000000000000000000000000000000000000000000000000000000000000000000000000000000000000
00000000000000000000000000000000000000000000000000000000000000000000000000000000000000000000000000000000000000000000000000000000
