#time0col7[msb-lsb],time0col6[msb-lst],....,time0col0[msb-lst]#
#time1col7[msb-lsb],time1col6[msb-lst],....,time1col0[msb-lst]#
#................#
11111111111100001111111111110111000000000000011100000000000001000000000000000000111111111110011111111111111011001111111111110100
11111111111110001111111111111000000000000000011000000000000000100000000000000011111111111110011111111111111100011111111111111000
11111111110100010000000000000001000000000000110100000000000000000000000000000101111111111111010111111111111010001111111111101110
00000000000000000000000000000000000000000000000000000000000000000000000000000000000000000000000000000000000000000000000000000000
00000000000000000000000000000000000000000000000000000000000000000000000000000000000000000000000000000000000000000000000000000000
11111111111100001111111111101111000000000000011100000000000010101111111111110111111111111110010111111111111001011111111111110001
11111111111010011111111111101000000000000000100000000000000100001111111111101111111111111101111011111111110110101111111111101010
11111111110011111111111111100011000000000000101100000000000110001111111111100011111111111101110111111111110010001111111111011100
11111111101110001111111111101111000000000000111100000000000100101111111111101011111111111110100111111111110010011111111111011001
11111111110110111111111111110111000000000000100100000000000010001111111111111001111111111110110011111111111000101111111111101011
11111111111110001111111111111000000000000000011000000000000000100000000000000011111111111110011111111111111100011111111111111000
11111111111110001111111111111000000000000000011000000000000000100000000000000011111111111110011111111111111100011111111111111000
11111111111101101111111111110110000000000000011000000000000001000000000000000000111111111110011011111111111011101111111111110110
11111111111110001111111111111000000000000000011000000000000000100000000000000011111111111110011111111111111100011111111111111000
11111111111110011111111111111001000000000000010100000000000000100000000000000010111111111110101111111111111100111111111111111001
11111111110011101111111111111111000000000000101100000000000001001111111111111110111111111111010111111111111001001111111111101010
11111111110010011111111111101011000000000000101100000000000101001111111111100111111111111110100111111111110011101111111111011110
11111111111000001111111111011111000000000000010100000000000111001111111111011010111111111110010011111111110011101111111111100001
11111111111010101111111111101001000000000000011100000000000100001111111111101110111111111110001011111111110111001111111111101011
11111111111010111111111111101010000000000000100000000000000011101111111111110010111111111101111111111111110111011111111111101100
11111111111001011111111111101011000000000000100100000000000011101111111111110010111111111110000011111111110110111111111111101010
11111111111001101111111111110011000000000000100100000000000010001111111111111010111111111110100011111111111001001111111111101111
11111111110111001111111111111110000000000000110000000000000000000000000000000110111111111110111111111111111010101111111111110001
11111111101011010000000000000111000000000001001100000000000000000000000000000101111111111111101111111111110111001111111111100010
11111111110000000000000000000101000000000000111100000000000000000000000000000100111111111111110011111111111001001111111111101001
11111111111100011111111111111110000000000000011000000000000000000000000000000011111111111111100011111111111101101111111111111010
11111111111111101111111111111101000000000000001100000000000000000000000000000010111111111111101011111111111111001111111111111111
11111111111111001111111111111011000000000000001100000000000000101111111111111111111111111111100111111111111110011111111111111101
11111111111111101111111111111101000000000000001100000000000000000000000000000010111111111111101011111111111111001111111111111111
11111111111111101111111111111101000000000000001100000000000000000000000000000010111111111111101011111111111111001111111111111111
11111111111110011111111111111000000000000000011000000000000000100000000000000010111111111110110111111111111100111111111111111010
11111111111101001111111111110011000000000000010100000000000010001111111111111000111111111110111011111111111011001111111111110101
11111111110100001111111111111001000000000000101100000000000010001111111111111000111111111111010011111111111000001111111111101001
11111111101101000000000000000000000000000001000000000000000001101111111111111011111111111111101011111111110110011111111111100001
11111111110111111111111111111010000000000000101000000000000001001111111111111111111111111111000011111111111010001111111111110000
11111111111110001111111111111000000000000000011000000000000000100000000000000011111111111110011111111111111100011111111111111000
11111111110100000000000000000000000000000000111000000000000000000000000000000110111111111111000111111111111001101111111111101101
00000000000000000000000000000000000000000000000000000000000000000000000000000000000000000000000000000000000000000000000000000000
00000000000000000000000000000000000000000000000000000000000000000000000000000000000000000000000000000000000000000000000000000000
11111111111101001111111111110011000000000000011100000000000001101111111111111101111111111110011111111111111010111111111111110101
11111111111010101111111111101001000000000000100100000000000011101111111111110011111111111101101111111111110110111111111111101011
11111111111001111111111111100110000000000000100000000000000100101111111111101100111111111101110111111111110101111111111111101000
11111111101000000000000000000001000000000001001100000000000010001111111111111000111111111111110011111111110100001111111111011001
11111111110010001111111111111111000000000000110100000000000001001111111111111110111111111111100011111111111000101111111111101001
11111111111101101111111111110110000000000000011000000000000001000000000000000000111111111110011011111111111011101111111111110110
11111111111101011111111111110101000000000000011100000000000001000000000000000001111111111110001011111111111011001111111111110101
11111111111101111111111111110111000000000000011100000000000000100000000000000100111111111110001111111111111011111111111111110111
11111111111110001111111111111000000000000000011000000000000000100000000000000011111111111110011111111111111100011111111111111000
11111111111101011111111111110101000000000000011100000000000001000000000000000001111111111110001011111111111011001111111111110101
11111111111100101111111111110010000000000000011000000000000010001111111111111010111111111110010011111111111010001111111111110010
11111111111000011111111111101110000000000000101000000000000011001111111111110101111111111110001011111111110111001111111111101010
11111111111000001111111111110100000000000000101000000000000010001111111111111010111111111110100111111111111000101111111111101101
11111111111110001111111111110111000000000000011100000000000000100000000000000011111111111110100111111111111100011111111111111001
11111111111110011111111111111000000000000000100000000000000000000000000000000111111111111110011011111111111100101111111111111010
11111111111110101111111111111001000000000000011100000000000000000000000000000110111111111110101011111111111101001111111111111011
11111111111101011111111111111011000000000000011100000000000000000000000000000101111111111110111111111111111101001111111111111010
11111111111100001111111111111101000000000000011100000000000000000000000000000100111111111111010011111111111101001111111111111001
11111111101101010000000000001000000000000001000000000000000000000000000000000011000000000000001011111111111000101111111111100110
11111111101100000000000000001010000000000001000000000000000000000000000000000010000000000000011111111111111000101111111111100101
11111111111111101111111111111101000000000000001100000000000000000000000000000010111111111111101011111111111111001111111111111111
11111111111110111111111111111010000000000000010000000000000000100000000000000000111111111111010111111111111101111111111111111100
11111111111110011111111111111000000000000000010000000000000001001111111111111101111111111111010011111111111101001111111111111010
11111111111011010000000000000001000000000000010100000000000000000000000000000001000000000000000111111111111110001111111111111010
11111111111110011111111111111000000000000000010000000000000001001111111111111101111111111111010011111111111101001111111111111010
