00000000000000000000000000000000000000000000000000000000010011100000000000000000000000000000000000000000011010000000000000000000
00000000000000000000000000000000000000000000000000000000101110100000000000000000000000000000000000000000010011010000000000000000
00000000000000000000000000000000000000000000000000000000100111010000000000000000000000000000000000000000010011010000000000000000
00000000000000000000000000000000000000000000000000000000101110110000000000000000000000000000000000000000101100110000000000000000
00000000000000000000000000000000000000000000000000000000100000100000000000000000000000000000000000000000110010110000000000000000
00000000000000000000000000000000000000000000000000000000001111110000000000000000000000000000000000000000011110010000000000000000
00000000000000000000000000000000000000000000000000000000100011100000000000000000000000000000000000000000011001100000000000000000
00000000000000000000000000000000000000000000000000000000111100110000000000000000000000000000000000000000100111000000000000000000
00000000000000000000000000000000000000000000000000000000001000000000000000000000000000000000000000000000001111000000000000000000
00000000000000000000000000000000000000000000000000000000010101010000000000000000000000000000000000000000010101000000000000000000
00000000000000000000000000000000000000000000000000000000010110100000000000000000000000000000000000000000010010000000000000000000
00000000000000000000000000000000000000000000000000000000000011100000000000000000000000000000000000000000001100010000000000000000
00000000000000000000000000000000000000000000000000000000000000000000000000000000000000000000000000000000010011010000000000000000
00000000000000000000000000000000000000000000000000000000000001110000000000000000000000000000000000000000100001110000000000000000
00000000000000000000000000000000000000000000000000000000000000010000000000000000000000000000000000000000000110110000000000000000
00000000000000000000000000000000000000000000000000000000101010010000000000000000000000000000000000000000100001110000000000000000
00000000000000000000000000000000000000000000000000000000000000110000000000000000000000000000000000000000001011010000000000000000
00000000000000000000000000000000000000000000000000000000000000000000000000000000000000000000000000000000001110110000000000000000
00000000000000000000000000000000000000000000000000000000001000110000000000000000000000000000000000000000001100100000000000000000
00000000000000000000000000000000000000000000000000000000000000110000000000000000000000000000000000000000010101010000000000000000
00000000000000000000000000000000000000000000000000000000000111100000000000000000000000000000000000000000100000100000000000000000
00000000000000000000000000000000000000000000000000000000010001010000000000000000000000000000000000000000101100010000000000000000
00000000000000000000000000000000000000000000000000000000001101000000000000000000000000000000000000000000100000000000000000000000
00000000000000000000000000000000000000000000000000000000001101000000000000000000000000000000000000000000001001010000000000000000
00000000000000000000000000000000000000000000000000000000000001000000000000000000000000000000000000000000011000010000000000000000
00000000000000000000000000000000000000000000000000000000000000000000000000000000000000000000000000000000001110110000000000000000
00000000000000000000000000000000000000000000000000000000011101100000000000000000000000000000000000000000011110110000000000000000
00000000000000000000000000000000000000000000000000000000011000010000000000000000000000000000000000000000101100000000000000000000
00000000000000000000000000000000000000000000000000000000001011000000000000000000000000000000000000000000100111000000000000000000
00000000000000000000000000000000000000000000000000000000011010110000000000000000000000000000000000000000101001000000000000000000
00000000000000000000000000000000000000000000000000000000101110110000000000000000000000000000000000000000110001100000000000000000
00000000000000000000000000000000000000000000000000000000001000010000000000000000000000000000000000000000000111110000000000000000
00000000000000000000000000000000000000000000000000000000010110000000000000000000000000000000000000000000110000000000000000000000
00000000000000000000000000000000000000000000000000000000010000000000000000000000000000000000000000000000000111100000000000000000
00000000000000000000000000000000000000000000000000000000011010010000000000000000000000000000000000000000000000000000000000000000
00000000000000000000000000000000000000000000000000000000010100000000000000000000000000000000000000000000011101110000000000000000
00000000000000000000000000000000000000000000000000000000001101010000000000000000000000000000000000000000011110100000000000000000
00000000000000000000000000000000000000000000000000000000011001000000000000000000000000000000000000000000011010100000000000000000
00000000000000000000000000000000000000000000000000000000010101000000000000000000000000000000000000000000010101000000000000000000
00000000000000000000000000000000000000000000000000000000001001100000000000000000000000000000000000000000100001010000000000000000
00000000000000000000000000000000000000000000000000000000011010000000000000000000000000000000000000000000101011100000000000000000
00000000000000000000000000000000000000000000000000000000101100000000000000000000000000000000000000000000011011100000000000000000
00000000000000000000000000000000000000000000000000000000011001100000000000000000000000000000000000000000000000000000000000000000
00000000000000000000000000000000000000000000000000000000010010110000000000000000000000000000000000000000000001010000000000000000
00000000000000000000000000000000000000000000000000000000011000010000000000000000000000000000000000000000000011000000000000000000
00000000000000000000000000000000000000000000000000000000011011110000000000000000000000000000000000000000000000000000000000000000
00000000000000000000000000000000000000000000000000000000011000010000000000000000000000000000000000000000010100110000000000000000
00000000000000000000000000000000000000000000000000000000010110000000000000000000000000000000000000000000101101100000000000000000
00000000000000000000000000000000000000000000000000000000010101110000000000000000000000000000000000000000010110110000000000000000
00000000000000000000000000000000000000000000000000000000001111010000000000000000000000000000000000000000000010110000000000000000
00000000000000000000000000000000000000000000000000000000001111110000000000000000000000000000000000000000000000000000000000000000
00000000000000000000000000000000000000000000000000000000101011010000000000000000000000000000000000000000010000010000000000000000
00000000000000000000000000000000000000000000000000000000110011110000000000000000000000000000000000000000010001010000000000000000
00000000000000000000000000000000000000000000000000000000101111100000000000000000000000000000000000000000010101010000000000000000
00000000000000000000000000000000000000000000000000000000100011000000000000000000000000000000000000000000101010110000000000000000
00000000000000000000000000000000000000000000000000000000001101000000000000000000000000000000000000000000100001010000000000000000
00000000000000000000000000000000000000000000000000000000110100110000000000000000000000000000000000000000101110110000000000000000
00000000000000000000000000000000000000000000000000000000011100110000000000000000000000000000000000000000000000000000000000000000
00000000000000000000000000000000000000000000000000000000011110010000000000000000000000000000000000000000001100100000000000000000
00000000000000000000000000000000000000000000000000000000101101110000000000000000000000000000000000000000100011000000000000000000
00000000000000000000000000000000000000000000000000000000100100110000000000000000000000000000000000000000100100100000000000000000
00000000000000000000000000000000000000000000000000000000011010010000000000000000000000000000000000000000100010010000000000000000
00000000000000000000000000000000000000000000000000000000011001000000000000000000000000000000000000000000100010010000000000000000
00000000000000000000000000000000000000000000000000000000100000110000000000000000000000000000000000000000100000010000000000000000
