00000000000000000000000000000000000000001001111100000000000000000000000000000000000000000000000000000000000000000000000000000000
00000000000000000000000000000000000000001011011000000000000000000000000000000000000000000000000000000000000000000000000000000000
00000000000000000000000000000000000000000110101100000000000000000000000000000000000000000000000000000000000000000000000000000000
00000000000000000000000000000000000000001010000100000000000000000000000000000000000000000000000000000000000000000000000000000000
00000000000000000000000000000000000000001110101000000000000000000000000000000000000000000000000000000000000000000000000000000000
00000000000000000000000000000000000000010001100000000000000000000000000000000000000000000000000000000000000000000000000000000000
00000000000000000000000000000000000000001101001100000000000000000000000000000000000000000000000000000000000000000000000000000000
00000000000000000000000000000000000000000100100000000000000000000000000000000000000000000000000000000000000000000000000000000000
00000000000000000000000000000000000000001100010000000000000000000000000000000000000000000000000000000000000000000000000000000000
00000000000000000000000000000000000000001001110000000000000000000000000000000000000000000000000000000000000000000000000000000000
00000000000000000000000000000000000000000011111100000000000000000000000000000000000000000000000000000000000000000000000000000000
00000000000000000000000000000000000000000111001000000000000000000000000000000000000000000000000000000000000000000000000000000000
00000000000000000000000000000000000000001101100100000000000000000000000000000000000000000000000000000000000000000000000000000000
00000000000000000000000000000000000000010000101100000000000000000000000000000000000000000000000000000000000000000000000000000000
00000000000000000000000000000000000000001010111100000000000000000000000000000000000000000000000000000000000000000000000000000000
00000000000000000000000000000000000000000011010000000000000000000000000000000000000000000000000000000000000000000000000000000000
00000000000000000000000000000000000000001000010000000000000000000000000000000000000000000000000000000000000000000000000000000000
00000000000000000000000000000000000000000110000100000000000000000000000000000000000000000000000000000000000000000000000000000000
00000000000000000000000000000000000000000110010000000000000000000000000000000000000000000000000000000000000000000000000000000000
00000000000000000000000000000000000000000010000100000000000000000000000000000000000000000000000000000000000000000000000000000000
00000000000000000000000000000000000000000010110100000000000000000000000000000000000000000000000000000000000000000000000000000000
00000000000000000000000000000000000000000111001000000000000000000000000000000000000000000000000000000000000000000000000000000000
00000000000000000000000000000000000000000101001100000000000000000000000000000000000000000000000000000000000000000000000000000000
00000000000000000000000000000000000000000010111000000000000000000000000000000000000000000000000000000000000000000000000000000000
00000000000000000000000000000000000000000100010100000000000000000000000000000000000000000000000000000000000000000000000000000000
00000000000000000000000000000000000000000100110000000000000000000000000000000000000000000000000000000000000000000000000000000000
00000000000000000000000000000000000000000011111000000000000000000000000000000000000000000000000000000000000000000000000000000000
00000000000000000000000000000000000000000000000000000000000000000000000000000000000000000000000000000000000000000000000000000000
00000000000000000000000000000000000000000000000000000000000000000000000000000000000000000000000000000000000000000000000000000000
00000000000000000000000000000000000000000011101100000000000000000000000000000000000000000000000000000000000000000000000000000000
00000000000000000000000000000000000000000001100000000000000000000000000000000000000000000000000000000000000000000000000000000000
00000000000000000000000000000000000000000001100000000000000000000000000000000000000000000000000000000000000000000000000000000000
00000000000000000000000000000000000000000011110000000000000000000000000000000000000000000000000000000000000000000000000000000000
00000000000000000000000000000000000000000011000000000000000000000000000000000000000000000000000000000000000000000000000000000000
00000000000000000000000000000000000000000100110000000000000000000000000000000000000000000000000000000000000000000000000000000000
00000000000000000000000000000000000000000000111100000000000000000000000000000000000000000000000000000000000000000000000000000000
00000000000000000000000000000000000000000000000000000000000000000000000000000000000000000000000000000000000000000000000000000000
00000000000000000000000000000000000000000100010000000000000000000000000000000000000000000000000000000000000000000000000000000000
00000000000000000000000000000000000000000001110000000000000000000000000000000000000000000000000000000000000000000000000000000000
00000000000000000000000000000000000000000100000000000000000000000000000000000000000000000000000000000000000000000000000000000000
00000000000000000000000000000000000000000110010100000000000000000000000000000000000000000000000000000000000000000000000000000000
00000000000000000000000000000000000000000011001000000000000000000000000000000000000000000000000000000000000000000000000000000000
00000000000000000000000000000000000000001001100100000000000000000000000000000000000000000000000000000000000000000000000000000000
00000000000000000000000000000000000000001010110100000000000000000000000000000000000000000000000000000000000000000000000000000000
00000000000000000000000000000000000000001010111100000000000000000000000000000000000000000000000000000000000000000000000000000000
00000000000000000000000000000000000000001100010000000000000000000000000000000000000000000000000000000000000000000000000000000000
00000000000000000000000000000000000000001011100100000000000000000000000000000000000000000000000000000000000000000000000000000000
00000000000000000000000000000000000000001100001000000000000000000000000000000000000000000000000000000000000000000000000000000000
00000000000000000000000000000000000000001000010100000000000000000000000000000000000000000000000000000000000000000000000000000000
00000000000000000000000000000000000000001000001100000000000000000000000000000000000000000000000000000000000000000000000000000000
00000000000000000000000000000000000000001100010000000000000000000000000000000000000000000000000000000000000000000000000000000000
00000000000000000000000000000000000000001111001100000000000000000000000000000000000000000000000000000000000000000000000000000000
00000000000000000000000000000000000000001101010100000000000000000000000000000000000000000000000000000000000000000000000000000000
00000000000000000000000000000000000000001011111100000000000000000000000000000000000000000000000000000000000000000000000000000000
00000000000000000000000000000000000000001100000000000000000000000000000000000000000000000000000000000000000000000000000000000000
00000000000000000000000000000000000000001110010000000000000000000000000000000000000000000000000000000000000000000000000000000000
00000000000000000000000000000000000000000100110100000000000000000000000000000000000000000000000000000000000000000000000000000000
00000000000000000000000000000000000000001100000100000000000000000000000000000000000000000000000000000000000000000000000000000000
00000000000000000000000000000000000000001110001000000000000000000000000000000000000000000000000000000000000000000000000000000000
00000000000000000000000000000000000000001010100000000000000000000000000000000000000000000000000000000000000000000000000000000000
00000000000000000000000000000000000000000110011100000000000000000000000000000000000000000000000000000000000000000000000000000000
00000000000000000000000000000000000000000110011000000000000000000000000000000000000000000000000000000000000000000000000000000000
00000000000000000000000000000000000000001010000000000000000000000000000000000000000000000000000000000000000000000000000000000000
00000000000000000000000000000000000000001011011000000000000000000000000000000000000000000000000000000000000000000000000000000000
