#time0col7[msb-lsb],time0col6[msb-lst],....,time0col0[msb-lst]#
#time1col7[msb-lsb],time1col6[msb-lst],....,time1col0[msb-lst]#
#................#
00000000000000000000000000000000000000000000000000000000000000000000000000000000000000000000000000000000000000000000000000000000
00000000000000000000000000000000000000000000000000000000000000000000000000000000000000000000000000000000000000000000000000000000
00000000000000000000000000000000000000000000000000000000000000000000000000000000000000000000000000000000000000000000000000000000
00000000000000000000000000000000000000000000000000000000000000000000000000000000000000000000000000000000000000000000000000000000
00000000000000000000000000000000000000000000000000000000000000000000000000000000000000000000000000000000000000000000000000000000
00000000000000000000000000000000000000000000000000000000000000000000000000000000000000000000000000000000000000000000000000000000
00000000000000000000000000000000000000000000000000000000000000000000000000000000000000000000000000000000000000000000000000000000
00000000000000000000000000000000000000000000000000000000000000000000000000000000000000000000000000000000000000000000000000000000
00000000000000000000000000000000000000000000000000000000000000000000000000000000000000000000000000000000000000000000000000000000
00000000000000000000000000000000000000000000000000000000000000000000000000000000000000000000000000000000000000000000000000000000
00000000000000000000000000000000000000000000000000000000000000000000000000000000000000000000000000000000000000000000000000000000
00000000000000001111111111111100000000000000010000000000000000000000000000000000000000000000000000000000000000000000000000000000
00000000000000000000000000000000000000000000100100000000000000000000000000000000000000000000000000000000000000000000000000000000
00000000000000001111111111111011000000000000011000000000000000000000000000000000000000000000000000000000000000000000000000000000
00000000000000001111111111111110000000000000011000000000000000000000000000000000000000000000000000000000000000000000000000000000
00000000000000001111111111111011000000000000001100000000000000000000000000000000000000000000000000000000000000000000000000000000
00000000000000001111111111111010000000000000000000000000000000000000000000000000000000000000000000000000000000000000000000000000
00000000000000000000000000000000000000000000010000000000000000000000000000000000000000000000000000000000000000000000000000000000
00000000000000000000000000000000000000000000101100000000000000000000000000000000000000000000000000000000000000000000000000000000
00000000000000000000000000000000000000000000000000000000000000000000000000000000000000000000000000000000000000000000000000000000
00000000000000000000000000000000000000000000000000000000000000000000000000000000000000000000000000000000000000000000000000000000
00000000000000001111111111111011000000000000000000000000000000000000000000000000000000000000000000000000000000000000000000000000
00000000000000001111111111111110000000000000010100000000000000000000000000000000000000000000000000000000000000000000000000000000
00000000000000001111111111111110000000000000010000000000000000000000000000000000000000000000000000000000000000000000000000000000
00000000000000001111111111111001000000000000000000000000000000000000000000000000000000000000000000000000000000000000000000000000
00000000000000001111111111110100000000000000000000000000000000000000000000000000000000000000000000000000000000000000000000000000
00000000000000001111111111111000000000000000001100000000000000000000000000000000000000000000000000000000000000000000000000000000
00000000000000001111111111111010000000000000001000000000000000000000000000000000000000000000000000000000000000000000000000000000
00000000000000001111111111111110000000000000011100000000000000000000000000000000000000000000000000000000000000000000000000000000
00000000000000000000000000000000000000000000000000000000000000000000000000000000000000000000000000000000000000000000000000000000
00000000000000000000000000000000000000000000000000000000000000000000000000000000000000000000000000000000000000000000000000000000
00000000000000001111111111111100000000000000001100000000000000000000000000000000000000000000000000000000000000000000000000000000
00000000000000001111111111111010000000000000000100000000000000000000000000000000000000000000000000000000000000000000000000000000
00000000000000001111111111111101000000000000001100000000000000000000000000000000000000000000000000000000000000000000000000000000
00000000000000001111111111111100000000000000010100000000000000000000000000000000000000000000000000000000000000000000000000000000
00000000000000001111111111111010000000000000011100000000000000000000000000000000000000000000000000000000000000000000000000000000
00000000000000001111111111110110000000000000010100000000000000000000000000000000000000000000000000000000000000000000000000000000
00000000000000001111111111111010000000000000100100000000000000000000000000000000000000000000000000000000000000000000000000000000
00000000000000001111111111111011000000000000001000000000000000000000000000000000000000000000000000000000000000000000000000000000
00000000000000000000000000000000000000000000000000000000000000000000000000000000000000000000000000000000000000000000000000000000
00000000000000000000000000000000000000000000000000000000000000000000000000000000000000000000000000000000000000000000000000000000
00000000000000001111111111111010000000000000011100000000000000000000000000000000000000000000000000000000000000000000000000000000
00000000000000001111111111111000000000000000010100000000000000000000000000000000000000000000000000000000000000000000000000000000
00000000000000001111111111111100000000000000011100000000000000000000000000000000000000000000000000000000000000000000000000000000
00000000000000001111111111111100000000000000011100000000000000000000000000000000000000000000000000000000000000000000000000000000
00000000000000001111111111111001000000000000010100000000000000000000000000000000000000000000000000000000000000000000000000000000
00000000000000001111111111111001000000000000010100000000000000000000000000000000000000000000000000000000000000000000000000000000
00000000000000001111111111111110000000000000110000000000000000000000000000000000000000000000000000000000000000000000000000000000
00000000000000001111111111111011000000000000001000000000000000000000000000000000000000000000000000000000000000000000000000000000
00000000000000000000000000000000000000000000000000000000000000000000000000000000000000000000000000000000000000000000000000000000
00000000000000000000000000000000000000000000000000000000000000000000000000000000000000000000000000000000000000000000000000000000
00000000000000001111111111111010000000000000110000000000000000000000000000000000000000000000000000000000000000000000000000000000
00000000000000001111111111111010000000000000101100000000000000000000000000000000000000000000000000000000000000000000000000000000
00000000000000000000000000000000000000000000001000000000000000000000000000000000000000000000000000000000000000000000000000000000
00000000000000001111111111111100000000000000001100000000000000000000000000000000000000000000000000000000000000000000000000000000
00000000000000001111111111111011000000000000001000000000000000000000000000000000000000000000000000000000000000000000000000000000
00000000000000001111111111111111000000000000001000000000000000000000000000000000000000000000000000000000000000000000000000000000
00000000000000001111111111111100000000000000000100000000000000000000000000000000000000000000000000000000000000000000000000000000
00000000000000001111111111111100000000000000001100000000000000000000000000000000000000000000000000000000000000000000000000000000
00000000000000000000000000000000000000000000000000000000000000000000000000000000000000000000000000000000000000000000000000000000
00000000000000000000000000000000000000000000000000000000000000000000000000000000000000000000000000000000000000000000000000000000
00000000000000001111111111111010000000000000100100000000000000000000000000000000000000000000000000000000000000000000000000000000
00000000000000001111111111111110000000000000111000000000000000000000000000000000000000000000000000000000000000000000000000000000
00000000000000000000000000000000000000000000000000000000000000000000000000000000000000000000000000000000000000000000000000000000
00000000000000001111111111111100000000000000000000000000000000000000000000000000000000000000000000000000000000000000000000000000
00000000000000001111111111111110000000000000000000000000000000000000000000000000000000000000000000000000000000000000000000000000
00000000000000001111111111111110000000000000000000000000000000000000000000000000000000000000000000000000000000000000000000000000
00000000000000001111111111111101000000000000001000000000000000000000000000000000000000000000000000000000000000000000000000000000
00000000000000001111111111111010000000000000010000000000000000000000000000000000000000000000000000000000000000000000000000000000
00000000000000000000000000000000000000000000000000000000000000000000000000000000000000000000000000000000000000000000000000000000
00000000000000000000000000000000000000000000000000000000000000000000000000000000000000000000000000000000000000000000000000000000
00000000000000001111111111111011000000000000100000000000000000000000000000000000000000000000000000000000000000000000000000000000
00000000000000001111111111111101000000000000001000000000000000000000000000000000000000000000000000000000000000000000000000000000
00000000000000001111111111111110000000000000000000000000000000000000000000000000000000000000000000000000000000000000000000000000
00000000000000001111111111111111000000000000010100000000000000000000000000000000000000000000000000000000000000000000000000000000
00000000000000000000000000000000000000000000100000000000000000000000000000000000000000000000000000000000000000000000000000000000
00000000000000000000000000000000000000000000011100000000000000000000000000000000000000000000000000000000000000000000000000000000
00000000000000001111111111111011000000000000011000000000000000000000000000000000000000000000000000000000000000000000000000000000
00000000000000001111111111110110000000000000001000000000000000000000000000000000000000000000000000000000000000000000000000000000
00000000000000000000000000000000000000000000000000000000000000000000000000000000000000000000000000000000000000000000000000000000
00000000000000000000000000000000000000000000000000000000000000000000000000000000000000000000000000000000000000000000000000000000
00000000000000001111111111111101000000000000110100000000000000000000000000000000000000000000000000000000000000000000000000000000
00000000000000001111111111111110000000000000000100000000000000000000000000000000000000000000000000000000000000000000000000000000
00000000000000001111111111111111000000000000001100000000000000000000000000000000000000000000000000000000000000000000000000000000
00000000000000001111111111111100000000000000100000000000000000000000000000000000000000000000000000000000000000000000000000000000
00000000000000001111111111111011000000000000011100000000000000000000000000000000000000000000000000000000000000000000000000000000
00000000000000001111111111111001000000000000010100000000000000000000000000000000000000000000000000000000000000000000000000000000
00000000000000001111111111111001000000000000010000000000000000000000000000000000000000000000000000000000000000000000000000000000
00000000000000001111111111111011000000000000011000000000000000000000000000000000000000000000000000000000000000000000000000000000
00000000000000000000000000000000000000000000000000000000000000000000000000000000000000000000000000000000000000000000000000000000
00000000000000000000000000000000000000000000000000000000000000000000000000000000000000000000000000000000000000000000000000000000
00000000000000000000000000000000000000000000000000000000000000000000000000000000000000000000000000000000000000000000000000000000
00000000000000000000000000000000000000000000000000000000000000000000000000000000000000000000000000000000000000000000000000000000
00000000000000000000000000000000000000000000000000000000000000000000000000000000000000000000000000000000000000000000000000000000
00000000000000000000000000000000000000000000000000000000000000000000000000000000000000000000000000000000000000000000000000000000
00000000000000000000000000000000000000000000000000000000000000000000000000000000000000000000000000000000000000000000000000000000
00000000000000000000000000000000000000000000000000000000000000000000000000000000000000000000000000000000000000000000000000000000
00000000000000000000000000000000000000000000000000000000000000000000000000000000000000000000000000000000000000000000000000000000
00000000000000000000000000000000000000000000000000000000000000000000000000000000000000000000000000000000000000000000000000000000
00000000000000000000000000000000000000000000000000000000000000000000000000000000000000000000000000000000000000000000000000000000
