#time0col7[msb-lsb],time0col6[msb-lst],....,time0col0[msb-lst]#
#time1col7[msb-lsb],time1col6[msb-lst],....,time1col0[msb-lst]#
#................#
00000000000000000000000000000000000000000000000000000000000000000000000000000000000000000000000000000000000000000000000000000000
00000000000000000000000000000000000000000000000000000000000000000000000000000000000000000000000000000000000000000000000000000000
00000000000000000000000000000000000000000000000000000000000000000000000000000000000000000000000000000000000000000000000000000000
00000000000000000000000000000000000000000000000000000000000000000000000000000000000000000000000000000000000000000000000000000000
00000000000000000000000000000000000000000000000000000000000000000000000000000000000000000000000000000000000000000000000000000000
00000000000000000000000000000000000000000000000000000000000000000000000000000000000000000000000000000000000000000000000000000000
00000000000000000000000000000000000000000000000000000000000000000000000000000000000000000000000000000000000000000000000000000000
00000000000000000000000000000000000000000000000000000000000000000000000000000000000000000000000000000000000000000000000000000000
00000000000000000000000000000000000000000000000000000000000000000000000000000000000000000000000000000000000000000000000000000000
00000000000000000000000000000000000000000000000000000000000000000000000000000000000000000000000000000000000000000000000000000000
00000000000000000000000000000000000000000000000000000000000000000000000000000000000000000000000000000000000000000000000000000000
00000000000000000000000000000000111111111111001100000000000000000000000000000000000000000000000000000000000000000000000000000000
00000000000000000000000000000000111111111111100000000000000000000000000000000000000000000000000000000000000000000000000000000000
00000000000000000000000000000000111111111111100100000000000000000000000000000000000000000000000000000000000000000000000000000000
00000000000000000000000000000000111111111111000000000000000000000000000000000000000000000000000000000000000000000000000000000000
00000000000000000000000000000000111111111110111100000000000000000000000000000000000000000000000000000000000000000000000000000000
00000000000000000000000000000000111111111111001100000000000000000000000000000000000000000000000000000000000000000000000000000000
00000000000000000000000000000000111111111111010000000000000000000000000000000000000000000000000000000000000000000000000000000000
00000000000000000000000000000000111111111111100000000000000000000000000000000000000000000000000000000000000000000000000000000000
00000000000000000000000000000000000000000000000000000000000000000000000000000000000000000000000000000000000000000000000000000000
00000000000000000000000000000000000000000000000000000000000000000000000000000000000000000000000000000000000000000000000000000000
00000000000000000000000000000000111111111111010100000000000000000000000000000000000000000000000000000000000000000000000000000000
00000000000000000000000000000000111111111111111000000000000000000000000000000000000000000000000000000000000000000000000000000000
00000000000000000000000000000000111111111111101100000000000000000000000000000000000000000000000000000000000000000000000000000000
00000000000000000000000000000000111111111111111100000000000000000000000000000000000000000000000000000000000000000000000000000000
00000000000000000000000000000000000000000000000000000000000000000000000000000000000000000000000000000000000000000000000000000000
00000000000000000000000000000000111111111111110100000000000000000000000000000000000000000000000000000000000000000000000000000000
00000000000000000000000000000000000000000000010100000000000000000000000000000000000000000000000000000000000000000000000000000000
00000000000000000000000000000000111111111111101000000000000000000000000000000000000000000000000000000000000000000000000000000000
00000000000000000000000000000000000000000000000000000000000000000000000000000000000000000000000000000000000000000000000000000000
00000000000000000000000000000000000000000000000000000000000000000000000000000000000000000000000000000000000000000000000000000000
00000000000000000000000000000000000000000000001000000000000000000000000000000000000000000000000000000000000000000000000000000000
00000000000000000000000000000000000000000000001000000000000000000000000000000000000000000000000000000000000000000000000000000000
00000000000000000000000000000000000000000000001100000000000000000000000000000000000000000000000000000000000000000000000000000000
00000000000000000000000000000000000000000000100100000000000000000000000000000000000000000000000000000000000000000000000000000000
00000000000000000000000000000000000000000000100100000000000000000000000000000000000000000000000000000000000000000000000000000000
00000000000000000000000000000000000000000000001000000000000000000000000000000000000000000000000000000000000000000000000000000000
00000000000000000000000000000000000000000000100000000000000000000000000000000000000000000000000000000000000000000000000000000000
00000000000000000000000000000000000000000000001100000000000000000000000000000000000000000000000000000000000000000000000000000000
00000000000000000000000000000000000000000000000000000000000000000000000000000000000000000000000000000000000000000000000000000000
00000000000000000000000000000000000000000000000000000000000000000000000000000000000000000000000000000000000000000000000000000000
00000000000000000000000000000000000000000000101000000000000000000000000000000000000000000000000000000000000000000000000000000000
00000000000000000000000000000000000000000000100100000000000000000000000000000000000000000000000000000000000000000000000000000000
00000000000000000000000000000000111111111111111100000000000000000000000000000000000000000000000000000000000000000000000000000000
00000000000000000000000000000000000000000000011000000000000000000000000000000000000000000000000000000000000000000000000000000000
00000000000000000000000000000000000000000000100100000000000000000000000000000000000000000000000000000000000000000000000000000000
00000000000000000000000000000000000000000000000000000000000000000000000000000000000000000000000000000000000000000000000000000000
00000000000000000000000000000000000000000000001000000000000000000000000000000000000000000000000000000000000000000000000000000000
00000000000000000000000000000000000000000000010000000000000000000000000000000000000000000000000000000000000000000000000000000000
00000000000000000000000000000000000000000000000000000000000000000000000000000000000000000000000000000000000000000000000000000000
00000000000000000000000000000000000000000000000000000000000000000000000000000000000000000000000000000000000000000000000000000000
00000000000000000000000000000000000000000000100000000000000000000000000000000000000000000000000000000000000000000000000000000000
00000000000000000000000000000000000000000000110100000000000000000000000000000000000000000000000000000000000000000000000000000000
00000000000000000000000000000000111111111111100000000000000000000000000000000000000000000000000000000000000000000000000000000000
00000000000000000000000000000000000000000000000000000000000000000000000000000000000000000000000000000000000000000000000000000000
00000000000000000000000000000000000000000000000100000000000000000000000000000000000000000000000000000000000000000000000000000000
00000000000000000000000000000000111111111111101100000000000000000000000000000000000000000000000000000000000000000000000000000000
00000000000000000000000000000000111111111111111100000000000000000000000000000000000000000000000000000000000000000000000000000000
00000000000000000000000000000000111111111111110100000000000000000000000000000000000000000000000000000000000000000000000000000000
00000000000000000000000000000000000000000000000000000000000000000000000000000000000000000000000000000000000000000000000000000000
00000000000000000000000000000000000000000000000000000000000000000000000000000000000000000000000000000000000000000000000000000000
00000000000000000000000000000000000000000000000100000000000000000000000000000000000000000000000000000000000000000000000000000000
00000000000000000000000000000000000000000000000100000000000000000000000000000000000000000000000000000000000000000000000000000000
00000000000000000000000000000000111111111111010000000000000000000000000000000000000000000000000000000000000000000000000000000000
00000000000000000000000000000000111111111111010100000000000000000000000000000000000000000000000000000000000000000000000000000000
00000000000000000000000000000000111111111111001100000000000000000000000000000000000000000000000000000000000000000000000000000000
00000000000000000000000000000000111111111111001000000000000000000000000000000000000000000000000000000000000000000000000000000000
00000000000000000000000000000000111111111111010100000000000000000000000000000000000000000000000000000000000000000000000000000000
00000000000000000000000000000000111111111111100100000000000000000000000000000000000000000000000000000000000000000000000000000000
00000000000000000000000000000000000000000000000000000000000000000000000000000000000000000000000000000000000000000000000000000000
00000000000000000000000000000000000000000000000000000000000000000000000000000000000000000000000000000000000000000000000000000000
00000000000000000000000000000000000000000000000000000000000000000000000000000000000000000000000000000000000000000000000000000000
00000000000000000000000000000000111111111111101000000000000000000000000000000000000000000000000000000000000000000000000000000000
00000000000000000000000000000000111111111111001100000000000000000000000000000000000000000000000000000000000000000000000000000000
00000000000000000000000000000000111111111110111100000000000000000000000000000000000000000000000000000000000000000000000000000000
00000000000000000000000000000000111111111111010100000000000000000000000000000000000000000000000000000000000000000000000000000000
00000000000000000000000000000000111111111111010000000000000000000000000000000000000000000000000000000000000000000000000000000000
00000000000000000000000000000000111111111111011000000000000000000000000000000000000000000000000000000000000000000000000000000000
00000000000000000000000000000000111111111111110000000000000000000000000000000000000000000000000000000000000000000000000000000000
00000000000000000000000000000000000000000000000000000000000000000000000000000000000000000000000000000000000000000000000000000000
00000000000000000000000000000000000000000000000000000000000000000000000000000000000000000000000000000000000000000000000000000000
00000000000000000000000000000000111111111111011000000000000000000000000000000000000000000000000000000000000000000000000000000000
00000000000000000000000000000000111111111111000100000000000000000000000000000000000000000000000000000000000000000000000000000000
00000000000000000000000000000000111111111111000100000000000000000000000000000000000000000000000000000000000000000000000000000000
00000000000000000000000000000000111111111111100000000000000000000000000000000000000000000000000000000000000000000000000000000000
00000000000000000000000000000000111111111111101100000000000000000000000000000000000000000000000000000000000000000000000000000000
00000000000000000000000000000000111111111111110000000000000000000000000000000000000000000000000000000000000000000000000000000000
00000000000000000000000000000000111111111111100100000000000000000000000000000000000000000000000000000000000000000000000000000000
00000000000000000000000000000000111111111111100000000000000000000000000000000000000000000000000000000000000000000000000000000000
00000000000000000000000000000000000000000000000000000000000000000000000000000000000000000000000000000000000000000000000000000000
00000000000000000000000000000000000000000000000000000000000000000000000000000000000000000000000000000000000000000000000000000000
00000000000000000000000000000000000000000000000000000000000000000000000000000000000000000000000000000000000000000000000000000000
00000000000000000000000000000000000000000000000000000000000000000000000000000000000000000000000000000000000000000000000000000000
00000000000000000000000000000000000000000000000000000000000000000000000000000000000000000000000000000000000000000000000000000000
00000000000000000000000000000000000000000000000000000000000000000000000000000000000000000000000000000000000000000000000000000000
00000000000000000000000000000000000000000000000000000000000000000000000000000000000000000000000000000000000000000000000000000000
00000000000000000000000000000000000000000000000000000000000000000000000000000000000000000000000000000000000000000000000000000000
00000000000000000000000000000000000000000000000000000000000000000000000000000000000000000000000000000000000000000000000000000000
00000000000000000000000000000000000000000000000000000000000000000000000000000000000000000000000000000000000000000000000000000000
00000000000000000000000000000000000000000000000000000000000000000000000000000000000000000000000000000000000000000000000000000000
