#time0col7[msb-lsb],time0col6[msb-lst],....,time0col0[msb-lst]#
#time1col7[msb-lsb],time1col6[msb-lst],....,time1col0[msb-lst]#
#................#
00000000000000000000000000000000000000000000000000000000000000000000000000000000000000000000000000000000000000000000000000000000
00000000000000000000000000000000000000000000000000000000000000000000000000000000000000000000000000000000000000000000000000000000
00000000000000000000000000000000000000000000000000000000000000000000000000000000000000000000000000000000000000000000000000000000
00000000000000000000000000000000000000000000000000000000000000000000000000000000000000000000000000000000000000000000000000000000
00000000000000000000000000000000000000000000000000000000000000000000000000000000000000000000000000000000000000000000000000000000
00000000000000000000000000000000000000000000000000000000000000000000000000000000000000000000000000000000000000000000000000000000
00000000000000000000000000000000000000000000000000000000000000000000000000000000000000000000000000000000000000000000000000000000
00000000000000000000000000000000000000000000000000000000000000000000000000000000000000000000000000000000000000000000000000000000
00000000000000000000000000000000000000000000000000000000000000000000000000000000000000000000000000000000000000000000000000000000
00000000000000000000000000000000000000000000000000000000000000000000000000000000000000000000000000000000000000000000000000000000
00000000000000000000000000000000000000000000000000000000000000000000000000000000000000000000000000000000000000000000000000000000
11111111111100101111111110110111111111111110010011111111100000100000000001000110111111111111001000000000000011101111111110001001
11111111100111101111111111001011000000000000111011111111000001000000000000011100000000001010100011111111111100101111111100110111
00000000000011101111111111011100000000000111111011111111000001000000000001110000000000001100010000000000010101001111111101000110
00000000001010101111111110010000000000001000110011111110100001100000000001010100000000010100001000000000010101001111111011001100
00000000000011101111111111101111000000001010100011111110110110100000000011000100000000001111110000000000011100001111111100011110
00000000000001111111111110000000000000000101101111111111000010110000000011110101111111111110101100000000010110111111111101011100
11111111111110011111111101110001111111111100111111111111010000110000000010111101111111111011001100000000001100011111111101100011
00000000000101011111111111011001000000000100110111111111011011010000000010000101000000000101101100000000001111111111111110001000
00000000000000000000000000000000000000000000000000000000000000000000000000000000000000000000000000000000000000000000000000000000
00000000000000000000000000000000000000000000000000000000000000000000000000000000000000000000000000000000000000000000000000000000
00000000011000101111111100111000000000000001110011111111010110000000000001000110111111111001111000000000010001101111111100101110
00000000010101001111111110001101000000000111111011111110110110101111111111100100000000001010100011111111111001001111111011111100
00000000001000111111111100111010000000000011000111111110110001010000000001101001000000000101101100000000001000111111111011010100
00000000000111001111111101100011000000000010101011111110111101100000000001010100000000000111000000000000001110001111111011111011
11111111110101101111111110101111000000000110001011111111000100100000000010101000000000000101010000000000101101101111111100101000
00000000010011011111111110000011000000000011000111111111010111110000000010000101111111111100111100000000001000111111111110001001
00000000000111001111111110001000111111111100100011111111011101000000000010001100111111111001111000000000000000001111111110010010
00000000010101001111111110111001000000000100011011111111011101000000000001010100000000000100011011111111110101101111111110100101
00000000000000000000000000000000000000000000000000000000000000000000000000000000000000000000000000000000000000000000000000000000
00000000000000000000000000000000000000000000000000000000000000000000000000000000000000000000000000000000000000000000000000000000
00000000000111001111111101101101000000000001110011111111011101000000000001010100111111111011101000000000000000001111111101101000
00000000001110001111111111000101000000001000110011111111100111101111111111010110111111111101011000000000000000001111111110001110
11111111100111101111111101011110111111111100100011111111010010100000000010110110111111110110011000000000000000001111111101111000
11111111110101101111111110101000111111111111001011111111100100000000000001000110000000000000000000000000000111001111111110100011
00000000001100011111111111000001000000000001010111111111010111110000000001110111000000000011111100000000001111111111111110110001
00000000000111001111111110100001000000000101010011111111011001100000000001111110000000000001110000000000011000101111111110011010
11111111110101101111111100111101000000000111111011111110111101100000000010110110111111111010110011111111111100101111111101100111
00000000100001011111111101100001000000000111011111111110111000010000000010000101000000000010001111111111010111111111111101011010
00000000000000000000000000000000000000000000000000000000000000000000000000000000000000000000000000000000000000000000000000000000
00000000000000000000000000000000000000000000000000000000000000000000000000000000000000000000000000000000000000000000000000000000
11111111101110101111111101111001111111111011101011111111011001100000000001110000111111111000001011111111111001001111111110000010
11111111101110101111111110011110000000000000000011111111101110100000000000000000111111111001000011111111111001001111111111000110
11111111111110011111111101110001111111111100000111111110111111010000000010010011111111111111100111111111011110111111111110011111
00000000010101001111111110010110000000000001110011111111001000000000000010001100000000000110001011111111011101001111111110101000
00000000000011101111111111010100111111111111001011111111011101000000000000001110000000000010101011111111100000101111111111111010
11111111110101101111111110111110000000000010101011111111101011001111111111100100111111111111001011111111101011001111111111000101
00000000001110001111111101101101000000001101001011111110111010000000000001110000000000000011100011111111100111101111111101001111
00000000001111111111111100111110000000000110100111111110110100110000000001011011111111111100111111111111000110011111111101010000
00000000000000000000000000000000000000000000000000000000000000000000000000000000000000000000000000000000000000000000000000000000
00000000000000000000000000000000000000000000000000000000000000000000000000000000000000000000000000000000000000000000000000000000
11111111110011111111111110101011111111111010010111111111100101110000000001101001111111111010010100000000000001111111111110101100
11111111111001001111111111000110111111111100100011111111100100000000000001000110111111111110010011111111110101101111111111100111
00000000010011011111111110110010111111111111100111111111001001110000000010000101000000000100110111111111100101111111111111010001
00000000011000101111111110100000000000000011100011111110111101100000000001111110000000000110001011111111001111001111111111001010
00000000001000111111111110110010000000000011000111111111010100010000000000110001000000000010001111111111010100011111111111011000
11111111111110011111111110000000000000001000010111111110111111010000000001110111000000000011000111111111001101011111111101110100
00000000011100001111111100111100000000001110000011111110101111100000000001110000000000000101010011111111000001001111111100111010
11111111110101101111111101000100000000000111111011111111000100100000000000001110111111111100100011111111010110001111111101011000
00000000000000000000000000000000000000000000000000000000000000000000000000000000000000000000000000000000000000000000000000000000
00000000000000000000000000000000000000000000000000000000000000000000000000000000000000000000000000000000000000000000000000000000
11111111111001001111111111001110000000000010101011111111011101000000000001100010000000000000000011111111111001001111111110011001
11111111110011111111111111011001000000000011000111111111010000110000000001011011000000000001010111111111101100111111111111000100
11111111110101101111111101110100000000000110001011111111001111000000000000101010111111111101011011111111010110001111111110001100
11111111111001001111111101101100000000000111111011111111010010100000000000011100111111111110010011111111010010101111111101111100
11111111110101101111111101010101000000001001101011111111001011100000000000101010111111111101011011111111011001101111111101100111
11111111101110101111111110000100000000001000110011111111000100100000000001100010000000000000000011111111011001101111111101011010
00000000001100011111111101011010000000001001001111111110111111010000000001110111111111111110101111111111100010011111111101100110
00000000000001111111111101110001000000000110100111111111001001110000000001101001111111111100000111111111111010111111111101111100
00000000000000000000000000000000000000000000000000000000000000000000000000000000000000000000000000000000000000000000000000000000
00000000000000000000000000000000000000000000000000000000000000000000000000000000000000000000000000000000000000000000000000000000
00000000000000001111111101101000000000000001110011111111000001000000000011000100111111111101011011111111100000101111111101001001
11111111110010001111111101111010000000000010101011111110111010000000000001111110111111111101011011111111001111001111111101110010
11111111011011011111111101010000000000001000010111111110111011110000000010000101111111111011001111111111110011111111111101001111
11111111100010011111111101000000000000000101101111111110111111010000000010101111111111111011001111111111111010111111111101011001
11111111110101101111111110100010000000000110001011111111010010100000000000101010111111111110010011111111100111101111111101111011
11111111111110011111111110111101000000000111011111111111010100010000000001001101000000000001010111111111101001011111111101111110
00000000001000111111111110010000000000001001001111111111001001110000000000111111000000000000011111111111101100111111111101110001
00000000000011101111111110000001000000000101010011111111001111000000000010001100111111111100100000000000001110001111111110000000
00000000000000000000000000000000000000000000000000000000000000000000000000000000000000000000000000000000000000000000000000000000
00000000000000000000000000000000000000000000000000000000000000000000000000000000000000000000000000000000000000000000000000000000
00000000000001111111111110101000000000000111011111111111010100010000000001001101000000000000011111111111101100111111111110000001
11111111101100111111111100101110000000000110100111111110111111010000000000110001111111111000100111111111010100011111111100111010
11111111100100001111111101100010000000001001101011111111000001000000000000101010111111111011101011111111100111101111111101011010
11111111110000011111111110010101000000000100110111111111010111110000000000111111111111111101110111111111111010111111111110001010
11111111111010111111111111100011000000000011000111111111110000010000000000000111111111111111100111111111110111011111111111011010
11111111111010111111111111010000000000000010001111111111101100110000000000000111111111111110101111111111110011111111111111000101
11111111111110011111111110101001000000000011111111111111100010010000000000010101111111111111100111111111110011111111111110011100
00000000000011101111111110101010000000000100011011111111011101000000000001100010000000000000111000000000000000001111111110010010
00000000000000000000000000000000000000000000000000000000000000000000000000000000000000000000000000000000000000000000000000000000
00000000000000000000000000000000000000000000000000000000000000000000000000000000000000000000000000000000000000000000000000000000
00000000000000000000000000000000000000000000000000000000000000000000000000000000000000000000000000000000000000000000000000000000
00000000000000000000000000000000000000000000000000000000000000000000000000000000000000000000000000000000000000000000000000000000
00000000000000000000000000000000000000000000000000000000000000000000000000000000000000000000000000000000000000000000000000000000
00000000000000000000000000000000000000000000000000000000000000000000000000000000000000000000000000000000000000000000000000000000
00000000000000000000000000000000000000000000000000000000000000000000000000000000000000000000000000000000000000000000000000000000
00000000000000000000000000000000000000000000000000000000000000000000000000000000000000000000000000000000000000000000000000000000
00000000000000000000000000000000000000000000000000000000000000000000000000000000000000000000000000000000000000000000000000000000
00000000000000000000000000000000000000000000000000000000000000000000000000000000000000000000000000000000000000000000000000000000
00000000000000000000000000000000000000000000000000000000000000000000000000000000000000000000000000000000000000000000000000000000
