#time0row7[msb-lsb],time0row6[msb-lst],....,time0row0[msb-lst]#
#time1row7[msb-lsb],time1row6[msb-lst],....,time1row0[msb-lst]#
#................#
00010010000000000000000000000110
00000001000000000000000000000110
01110000000000000000000100000101
00000000000000000000000000000000
00000000000000000000000000000000
00000101000000000000000100000110
00001000000000000000000100000111
00111100000000000000000100000111
10001001000000000000000100000110
01000100000000000000000000000101
00000001000000000000000000000110
00000001000000000000000000000110
00000010000000000000000000000110
00000001000000000000000000000110
00000001000000000000000000000101
01110010000000000000000000000100
01011010000000000000000100000101
00001110000000000000000100000100
00001000000000000000000100000110
00000111000000000000000100000111
00010111000000000000000100000111
00100100000000000000000100000110
01010000000000000000000100000110
11010000000000000000000100000101
10100000000000000000000100000100
00100000000000000000000100000011
00000000000000000000000100000010
00000001000000000000000100000010
00000000000000000000000100000010
00000000000000000000000100000010
00000001000000000000000100000101
00000100000000000000000100000100
01100100000000000000000100000100
10110011000000000000000100000100
01000010000000000000000100000101
00000001000000000000000000000110
01110000000000000000000100000110
00000000000000000000000000000000
00000000000000000000000000000000
00000011000000000000000100000110
00000111000000000000000100001000
00001001000000000000000100000111
11100100000000000000000100000100
10000010000000000000000100000100
00000010000000000000000000000110
00000010000000000000000000000111
00000001000000000000000000000111
00000001000000000000000000000110
00000010000000000000000000000111
00000100000000000000000000000110
00100110000000000000000100000111
00110100000000000000000100000110
00000001000000000000000100000110
00000000000000000000000100000111
00000000000000000000000100000110
00010000000000000000000100000101
00100000000000000000000100000100
11000000000000000000000100000011
11010000000000000000000100000010
00000000000000000000000100000010
00000001000000000000000100000011
00000010000000000000000100000011
00110000000000000000000100000001
00000010000000000000000100000011
