#time0col7[msb-lsb],time0col6[msb-lst],....,time0col0[msb-lst]#
#time1col7[msb-lsb],time1col6[msb-lst],....,time1col0[msb-lst]#
#................#
00000000000000000000000000000000000000000000000000000000000000000000000000000000000000000000000000000000000000000000000000000000
00000000000000000000000000000000000000000000000000000000000000000000000000000000000000000000000000000000000000000000000000000000
00000000000000000000000000000000000000000000000000000000000000000000000000000000000000000000000000000000000000000000000000000000
00000000000000000000000000000000000000000000000000000000000000000000000000000000000000000000000000000000000000000000000000000000
00000000000000000000000000000000000000000000000000000000000000000000000000000000000000000000000000000000000000000000000000000000
00000000000000000000000000000000000000000000000000000000000000000000000000000000000000000000000000000000000000000000000000000000
00000000000000000000000000000000000000000000000000000000000000000000000000000000000000000000000000000000000000000000000000000000
00000000000000000000000000000000000000000000000000000000000000000000000000000000000000000000000000000000000000000000000000000000
00000000000000000000000000000000000000000000000000000000000000000000000000000000000000000000000000000000000000000000000000000000
00000000000000000000000000000000000000000000000000000000000000000000000000000000000000000000000000000000000000000000000000000000
00000000000000000000000000000000000000000000000000000000000000000000000000000000000000000000000000000000000000000000000000000000
00000000000000001111111111111100111111111101101000000000000000000000000000000000000000000000000000000000000000000000000000000000
00000000000000000000000000000000111111111110010100000000000000000000000000000000000000000000000000000000000000000000000000000000
00000000000000001111111111111011111111111110011100000000000000000000000000000000000000000000000000000000000000000000000000000000
00000000000000001111111111111110111111111110011000000000000000000000000000000000000000000000000000000000000000000000000000000000
00000000000000001111111111111011111111111101111000000000000000000000000000000000000000000000000000000000000000000000000000000000
00000000000000001111111111111010111111111110001000000000000000000000000000000000000000000000000000000000000000000000000000000000
00000000000000000000000000000000111111111110111000000000000000000000000000000000000000000000000000000000000000000000000000000000
00000000000000000000000000000000111111111110101100000000000000000000000000000000000000000000000000000000000000000000000000000000
00000000000000000000000000000000000000000000000000000000000000000000000000000000000000000000000000000000000000000000000000000000
00000000000000000000000000000000000000000000000000000000000000000000000000000000000000000000000000000000000000000000000000000000
00000000000000001111111111111011111111111110000100000000000000000000000000000000000000000000000000000000000000000000000000000000
00000000000000001111111111111110111111111111000100000000000000000000000000000000000000000000000000000000000000000000000000000000
00000000000000001111111111111110111111111111001000000000000000000000000000000000000000000000000000000000000000000000000000000000
00000000000000001111111111111001111111111110111100000000000000000000000000000000000000000000000000000000000000000000000000000000
00000000000000001111111111110100111111111110000000000000000000000000000000000000000000000000000000000000000000000000000000000000
00000000000000001111111111111000111111111101111100000000000000000000000000000000000000000000000000000000000000000000000000000000
00000000000000001111111111111010111111111111001000000000000000000000000000000000000000000000000000000000000000000000000000000000
00000000000000001111111111111110111111111111001100000000000000000000000000000000000000000000000000000000000000000000000000000000
00000000000000000000000000000000000000000000000000000000000000000000000000000000000000000000000000000000000000000000000000000000
00000000000000000000000000000000000000000000000000000000000000000000000000000000000000000000000000000000000000000000000000000000
00000000000000001111111111111100111111111110111100000000000000000000000000000000000000000000000000000000000000000000000000000000
00000000000000001111111111111010111111111111000100000000000000000000000000000000000000000000000000000000000000000000000000000000
00000000000000001111111111111101111111111111100000000000000000000000000000000000000000000000000000000000000000000000000000000000
00000000000000001111111111111100111111111111011100000000000000000000000000000000000000000000000000000000000000000000000000000000
00000000000000001111111111111010111111111110111100000000000000000000000000000000000000000000000000000000000000000000000000000000
00000000000000001111111111110110111111111110010100000000000000000000000000000000000000000000000000000000000000000000000000000000
00000000000000001111111111111010111111111110100100000000000000000000000000000000000000000000000000000000000000000000000000000000
00000000000000001111111111111011111111111111100100000000000000000000000000000000000000000000000000000000000000000000000000000000
00000000000000000000000000000000000000000000000000000000000000000000000000000000000000000000000000000000000000000000000000000000
00000000000000000000000000000000000000000000000000000000000000000000000000000000000000000000000000000000000000000000000000000000
00000000000000001111111111111010111111111110111100000000000000000000000000000000000000000000000000000000000000000000000000000000
00000000000000001111111111111000111111111110110100000000000000000000000000000000000000000000000000000000000000000000000000000000
00000000000000001111111111111100111111111110110100000000000000000000000000000000000000000000000000000000000000000000000000000000
00000000000000001111111111111100111111111111010100000000000000000000000000000000000000000000000000000000000000000000000000000000
00000000000000001111111111111001111111111111010000000000000000000000000000000000000000000000000000000000000000000000000000000000
00000000000000001111111111111001111111111110101000000000000000000000000000000000000000000000000000000000000000000000000000000000
00000000000000001111111111111110111111111110100000000000000000000000000000000000000000000000000000000000000000000000000000000000
00000000000000001111111111111011111111111111001100000000000000000000000000000000000000000000000000000000000000000000000000000000
00000000000000000000000000000000000000000000000000000000000000000000000000000000000000000000000000000000000000000000000000000000
00000000000000000000000000000000000000000000000000000000000000000000000000000000000000000000000000000000000000000000000000000000
00000000000000001111111111111010111111111110010000000000000000000000000000000000000000000000000000000000000000000000000000000000
00000000000000001111111111111010111111111110100100000000000000000000000000000000000000000000000000000000000000000000000000000000
00000000000000000000000000000000111111111111100000000000000000000000000000000000000000000000000000000000000000000000000000000000
00000000000000001111111111111100111111111111100100000000000000000000000000000000000000000000000000000000000000000000000000000000
00000000000000001111111111111011111111111111100100000000000000000000000000000000000000000000000000000000000000000000000000000000
00000000000000001111111111111111111111111111100100000000000000000000000000000000000000000000000000000000000000000000000000000000
00000000000000001111111111111100111111111111101100000000000000000000000000000000000000000000000000000000000000000000000000000000
00000000000000001111111111111100111111111110111100000000000000000000000000000000000000000000000000000000000000000000000000000000
00000000000000000000000000000000000000000000000000000000000000000000000000000000000000000000000000000000000000000000000000000000
00000000000000000000000000000000000000000000000000000000000000000000000000000000000000000000000000000000000000000000000000000000
00000000000000001111111111111010111111111110000100000000000000000000000000000000000000000000000000000000000000000000000000000000
00000000000000001111111111111110111111111101111000000000000000000000000000000000000000000000000000000000000000000000000000000000
00000000000000000000000000000000111111111110110000000000000000000000000000000000000000000000000000000000000000000000000000000000
00000000000000001111111111111100111111111110101000000000000000000000000000000000000000000000000000000000000000000000000000000000
00000000000000001111111111111110111111111110111000000000000000000000000000000000000000000000000000000000000000000000000000000000
00000000000000001111111111111110111111111110101000000000000000000000000000000000000000000000000000000000000000000000000000000000
00000000000000001111111111111101111111111110101100000000000000000000000000000000000000000000000000000000000000000000000000000000
00000000000000001111111111111010111111111110001000000000000000000000000000000000000000000000000000000000000000000000000000000000
00000000000000000000000000000000000000000000000000000000000000000000000000000000000000000000000000000000000000000000000000000000
00000000000000000000000000000000000000000000000000000000000000000000000000000000000000000000000000000000000000000000000000000000
00000000000000001111111111111011111111111110000100000000000000000000000000000000000000000000000000000000000000000000000000000000
00000000000000001111111111111101111111111110110100000000000000000000000000000000000000000000000000000000000000000000000000000000
00000000000000001111111111111110111111111110100000000000000000000000000000000000000000000000000000000000000000000000000000000000
00000000000000001111111111111111111111111110000000000000000000000000000000000000000000000000000000000000000000000000000000000000
00000000000000000000000000000000111111111110010000000000000000000000000000000000000000000000000000000000000000000000000000000000
00000000000000000000000000000000111111111110011100000000000000000000000000000000000000000000000000000000000000000000000000000000
00000000000000001111111111111011111111111110000100000000000000000000000000000000000000000000000000000000000000000000000000000000
00000000000000001111111111110110111111111101111000000000000000000000000000000000000000000000000000000000000000000000000000000000
00000000000000000000000000000000000000000000000000000000000000000000000000000000000000000000000000000000000000000000000000000000
00000000000000000000000000000000000000000000000000000000000000000000000000000000000000000000000000000000000000000000000000000000
00000000000000001111111111111101111111111101001000000000000000000000000000000000000000000000000000000000000000000000000000000000
00000000000000001111111111111110111111111101111100000000000000000000000000000000000000000000000000000000000000000000000000000000
00000000000000001111111111111111111111111110010000000000000000000000000000000000000000000000000000000000000000000000000000000000
00000000000000001111111111111100111111111110001000000000000000000000000000000000000000000000000000000000000000000000000000000000
00000000000000001111111111111011111111111110011000000000000000000000000000000000000000000000000000000000000000000000000000000000
00000000000000001111111111111001111111111110011000000000000000000000000000000000000000000000000000000000000000000000000000000000
00000000000000001111111111111001111111111101111100000000000000000000000000000000000000000000000000000000000000000000000000000000
00000000000000001111111111111011111111111101110100000000000000000000000000000000000000000000000000000000000000000000000000000000
00000000000000000000000000000000000000000000000000000000000000000000000000000000000000000000000000000000000000000000000000000000
00000000000000000000000000000000000000000000000000000000000000000000000000000000000000000000000000000000000000000000000000000000
00000000000000000000000000000000000000000000000000000000000000000000000000000000000000000000000000000000000000000000000000000000
00000000000000000000000000000000000000000000000000000000000000000000000000000000000000000000000000000000000000000000000000000000
00000000000000000000000000000000000000000000000000000000000000000000000000000000000000000000000000000000000000000000000000000000
00000000000000000000000000000000000000000000000000000000000000000000000000000000000000000000000000000000000000000000000000000000
00000000000000000000000000000000000000000000000000000000000000000000000000000000000000000000000000000000000000000000000000000000
00000000000000000000000000000000000000000000000000000000000000000000000000000000000000000000000000000000000000000000000000000000
00000000000000000000000000000000000000000000000000000000000000000000000000000000000000000000000000000000000000000000000000000000
00000000000000000000000000000000000000000000000000000000000000000000000000000000000000000000000000000000000000000000000000000000
00000000000000000000000000000000000000000000000000000000000000000000000000000000000000000000000000000000000000000000000000000000
