#time0col7[msb-lsb],time0col6[msb-lst],....,time0col0[msb-lst]#
#time1col7[msb-lsb],time1col6[msb-lst],....,time1col0[msb-lst]#
#................#
00000000000000000000000000000000000000000000000000000000000000000000000000000000000000000000000000000000000000000000000000000000
00000000000000000000000000000000000000000000000000000000000000000000000000000000000000000000000000000000000000000000000000000000
00000000000000000000000000000000000000000000000000000000000000000000000000000000000000000000000000000000000000000000000000000000
00000000000000000000000000000000000000000000000000000000000000000000000000000000000000000000000000000000000000000000000000000000
00000000000000000000000000000000000000000000000000000000000000000000000000000000000000000000000000000000000000000000000000000000
00000000000000000000000000000000000000000000000000000000000000000000000000000000000000000000000000000000000000000000000000000000
00000000000000000000000000000000000000000000000000000000000000000000000000000000000000000000000000000000000000000000000000000000
00000000000000000000000000000000000000000000000000000000000000000000000000000000000000000000000000000000000000000000000000000000
00000000000000000000000000000000000000000000000000000000000000000000000000000000000000000000000000000000000000000000000000000000
00000000000000000000000000000000000000000000000000000000000000000000000000000000000000000000000000000000000000000000000000000000
00000000000000000000000000000000000000000000000000000000000000000000000000000000000000000000000000000000000000000000000000000000
00000000000000111111111111111001111111111110101100000000000001011111111111110010111111111111001111111111111110101111111111111001
00000000000000011111111111101111111111111110100111111111111111101111111111110111111111111111001111111111111011110000000000001011
00000000000001011111111111111110111111111110101011111111111110111111111111110010111111111111010111111111111010010000000000001110
00000000000010011111111111101100111111111110101000000000000000001111111111110111000000000000001011111111111010000000000000000110
00000000000001011111111111110101111111111111000100000000000000101111111111111001000000000000000011111111111100110000000000000001
00000000000000011111111111111000111111111111010100000000000000111111111111111100111111111111110111111111111110110000000000000000
00000000000000111111111111110100111111111111001100000000000000011111111111111100111111111111111111111111111101010000000000000100
00000000000001101111111111111001111111111110001011111111111110111111111111101101111111111111001011111111111000100000000000001111
00000000000000000000000000000000000000000000000000000000000000000000000000000000000000000000000000000000000000000000000000000000
00000000000000000000000000000000000000000000000000000000000000000000000000000000000000000000000000000000000000000000000000000000
00000000000000110000000000001010111111111110111100000000000001001111111111101111111111111111000011111111111111101111111111111000
00000000000000011111111111111011111111111111011100000000000000111111111111111100111111111111111011111111111111001111111111111111
00000000000001110000000000000101111111111110111111111111111110111111111111110100111111111111110111111111111010000000000000001111
00000000000010100000000000000001111111111110101000000000000000011111111111101111000000000000000011111111111010000000000000000011
00000000000001010000000000000001111111111110100100000000000000011111111111110000111111111111001111111111111100100000000000000011
00000000000000001111111111111111111111111110010011111111111111001111111111110010111111111110010011111111111100110000000000010001
00000000000000101111111111111101111111111110111100000000000001001111111111110110111111111111100011111111111110011111111111111111
00000000000010101111111111111110111111111110010111111111111111111111111111101001111111111111111011111111110111110000000000000100
00000000000000000000000000000000000000000000000000000000000000000000000000000000000000000000000000000000000000000000000000000000
00000000000000000000000000000000000000000000000000000000000000000000000000000000000000000000000000000000000000000000000000000000
00000000000000100000000000001100111111111110010100000000000000101111111111100110111111111110011011111111111101101111111111111100
00000000000000100000000000000010111111111111001100000000000001011111111111110101111111111111011111111111111111111111111111111000
00000000000010001111111111111011111111111110101111111111111111111111111111110011111111111111110111111111111010100000000000000111
00000000000001101111111111111001111111111101110000000000000000001111111111101000111111111110111011111111111001010000000000000111
00000000000001011111111111111010111111111101011111111111111111111111111111100100111111111110010111111111111001010000000000001000
00000000000001000000000000000110111111111101101011111111111111001111111111100010111111111101111111111111111010000000000000001010
00000000000000010000000000000000111111111110000000000000000000011111111111100110111111111110011011111111111011110000000000000000
00000000000010010000000000001010111111111110010000000000000000111111111111100000111111111111011011111111111001111111111111110110
00000000000000000000000000000000000000000000000000000000000000000000000000000000000000000000000000000000000000000000000000000000
00000000000000000000000000000000000000000000000000000000000000000000000000000000000000000000000000000000000000000000000000000000
00000000000000100000000000000001111111111110100000000000000000111111111111101011111111111110111111111111111101001111111111111011
00000000000000100000000000001001111111111110100011111111111111111111111111101011111111111110100111111111111101000000000000000011
00000000000001111111111111111110111111111110001111111111111111011111111111101010111111111110111011111111111010010000000000000110
00000000000001001111111111111000111111111110001100000000000000011111111111101011111111111110111111111111111011010000000000000000
00000000000010000000000000000110111111111110010011111111111111011111111111100101111111111111001111111111111000110000000000000100
00000000000010011111111111110110111111111101101011111111111111011111111111100110111111111110110011111111111000010000000000001000
00000000000000101111111111111000111111111110001011111111111110111111111111101101111111111110011111111111111010110000000000001100
00000000000001000000000000000100111111111110011000000000000010001111111111100110111111111111000111111111111101101111111111110000
00000000000000000000000000000000000000000000000000000000000000000000000000000000000000000000000000000000000000000000000000000000
00000000000000000000000000000000000000000000000000000000000000000000000000000000000000000000000000000000000000000000000000000000
00000000000000101111111111111001111111111110110000000000000000101111111111110100111111111111010111111111111101010000000000000001
00000000000001010000000000000101111111111110001011111111111111011111111111101000111111111110110011111111111010000000000000001001
00000000000011000000000000001100111111111101111111111111111110101111111111100010111111111110110111111111111000000000000000001010
00000000000010001111111111111111111111111110001100000000000000011111111111100111111111111111001011111111111010101111111111111101
00000000000010000000000000000010111111111110000000000000000000001111111111100010111111111110110111111111111010001111111111111100
00000000000010011111111111111101111111111110000100000000000000001111111111100101111111111111000111111111111001111111111111111101
00000000000001110000000000000101111111111110110100000000000000011111111111101100111111111111100011111111111100001111111111111011
00000000000000101111111111110011111111111110100100000000000001011111111111110011111111111111001111111111111110001111111111111011
00000000000000000000000000000000000000000000000000000000000000000000000000000000000000000000000000000000000000000000000000000000
00000000000000000000000000000000000000000000000000000000000000000000000000000000000000000000000000000000000000000000000000000000
00000000000000111111111111111000111111111111000100000000000001001111111111110111111111111111110011111111111110001111111111111100
00000000000001011111111111110011111111111110111011111111111111111111111111111000111111111111110111111111111011100000000000000111
00000000000001100000000000000000111111111110101100000000000000111111111111101101111111111111010011111111111101011111111111111000
00000000000001001111111111110100111111111111001000000000000001001111111111111000111111111111101011111111111111001111111111111000
00000000000001001111111111111100111111111111000100000000000000001111111111110100111111111111011111111111111101101111111111111110
00000000000000101111111111111010111111111111001000000000000001001111111111110100111111111111011111111111111111001111111111110110
00000000000000101111111111111001111111111111000100000000000000111111111111110101111111111111100111111111111110001111111111111011
00000000000000001111111111110101111111111111000100000000000001001111111111111000111111111111011011111111111111011111111111111011
00000000000000000000000000000000000000000000000000000000000000000000000000000000000000000000000000000000000000000000000000000000
00000000000000000000000000000000000000000000000000000000000000000000000000000000000000000000000000000000000000000000000000000000
00000000000000001111111111111100111111111111000000000000000001111111111111110011111111111111010111111111111111111111111111110100
00000000000010000000000000000111111111111111000000000000000000011111111111101101111111111111111011111111111011101111111111111011
00000000000000110000000000000110111111111110100100000000000000011111111111101010111111111110110011111111111101011111111111111100
00000000000000001111111111101110111111111110110100000000000001001111111111111000111111111111001111111111111111001111111111111100
00000000000000001111111111110100111111111111000000000000000000101111111111111000111111111111011111111111111110000000000000000000
00000000000000001111111111110010111111111111000000000000000000101111111111111010111111111111100011111111111110000000000000000010
00000000000000001111111111111000111111111111010000000000000000101111111111111010111111111111101011111111111110100000000000000000
00000000000000001111111111111100111111111111001100000000000001101111111111111000111111111111011000000000000000101111111111111000
00000000000000000000000000000000000000000000000000000000000000000000000000000000000000000000000000000000000000000000000000000000
00000000000000000000000000000000000000000000000000000000000000000000000000000000000000000000000000000000000000000000000000000000
00000000000000011111111111110010111111111110101100000000000000111111111111110110111111111111010011111111111101110000000000000000
00000000000001010000000000000011111111111111010000000000000000001111111111110011111111111111111111111111111100011111111111111111
00000000000001100000000000000010111111111110101011111111111111001111111111101110111111111111010011111111111010100000000000001000
00000000000000111111111111110101111111111110100111111111111111111111111111110100111111111111001111111111111100000000000000000111
00000000000000111111111111110011111111111110110100000000000000001111111111110111111111111111100111111111111100010000000000000101
00000000000001001111111111111001111111111110101000000000000000011111111111110001111111111111011011111111111100000000000000000001
00000000000001011111111111111101111111111110110000000000000000001111111111110001111111111111011011111111111100010000000000000001
00000000000000110000000000000010111111111110100100000000000000001111111111101111111111111110110011111111111101100000000000000010
00000000000000000000000000000000000000000000000000000000000000000000000000000000000000000000000000000000000000000000000000000000
00000000000000000000000000000000000000000000000000000000000000000000000000000000000000000000000000000000000000000000000000000000
00000000000000000000000000000000000000000000000000000000000000000000000000000000000000000000000000000000000000000000000000000000
00000000000000000000000000000000000000000000000000000000000000000000000000000000000000000000000000000000000000000000000000000000
00000000000000000000000000000000000000000000000000000000000000000000000000000000000000000000000000000000000000000000000000000000
00000000000000000000000000000000000000000000000000000000000000000000000000000000000000000000000000000000000000000000000000000000
00000000000000000000000000000000000000000000000000000000000000000000000000000000000000000000000000000000000000000000000000000000
00000000000000000000000000000000000000000000000000000000000000000000000000000000000000000000000000000000000000000000000000000000
00000000000000000000000000000000000000000000000000000000000000000000000000000000000000000000000000000000000000000000000000000000
00000000000000000000000000000000000000000000000000000000000000000000000000000000000000000000000000000000000000000000000000000000
00000000000000000000000000000000000000000000000000000000000000000000000000000000000000000000000000000000000000000000000000000000
