#time0col7[msb-lsb],time0col6[msb-lst],....,time0col0[msb-lst]#
#time1col7[msb-lsb],time1col6[msb-lst],....,time1col0[msb-lst]#
#................#
00000000000000000000000000000000000000000000000000000000000000000000000000000000000000000000000000000000000000000000000000000000
00000000000000000000000000000000000000000000000000000000000000000000000000000000000000000000000000000000000000000000000000000000
00000000000000000000000000000000000000000000000000000000000000000000000000000000000000000000000000000000000000000000000000000000
00000000000000000000000000000000000000000000000000000000000000000000000000000000000000000000000000000000000000000000000000000000
00000000000000000000000000000000000000000000000000000000000000000000000000000000000000000000000000000000000000000000000000000000
00000000000000000000000000000000000000000000000000000000000000000000000000000000000000000000000000000000000000000000000000000000
00000000000000000000000000000000000000000000000000000000000000000000000000000000000000000000000000000000000000000000000000000000
00000000000000000000000000000000000000000000000000000000000000000000000000000000000000000000000000000000000000000000000000000000
00000000000000000000000000000000000000000000000000000000000000000000000000000000000000000000000000000000000000000000000000000000
00000000000000000000000000000000000000000000000000000000000000000000000000000000000000000000000000000000000000000000000000000000
00000000000000000000000000000000000000000000000000000000000000000000000000000000000000000000000000000000000000000000000000000000
11111111111101100000000000000000000000000000000000000000000000100000000000001010000000000000000000000000000000100000000000000000
11111111111011001111111111111101000000000000000000000000000000010000000000010100000000000000000000000000000000010000000000000000
11111111111100001111111111101111000000000000000000000000000001100000000000010000000000000000000000000000000001100000000000000000
11111111111101001111111111111011000000000000000000000000000000100000000000001100000000000000000000000000000000100000000000000000
11111111111101001111111111111111000000000000000000000000000000010000000000001100000000000000000000000000000000010000000000000000
11111111111100101111111111111101000000000000000000000000000000100000000000001110000000000000000000000000000000100000000000000000
11111111111101000000000000000000000000000000000000000000000000000000000000001100000000000000000000000000000000000000000000000000
11111111111011001111111111110001000000000000000000000000000001010000000000010100000000000000000000000000000001010000000000000000
00000000000000000000000000000000000000000000000000000000000000000000000000000000000000000000000000000000000000000000000000000000
00000000000000000000000000000000000000000000000000000000000000000000000000000000000000000000000000000000000000000000000000000000
11111111111111101111111111110110000000000000000000000000000001110000000000000010000000000000000000000000000001110000000000000000
11111111111100101111111111111101000000000000000000000000000000100000000000001110000000000000000000000000000000100000000000000000
11111111111101101111111111101101000000000000000000000000000001110000000000001010000000000000000000000000000001110000000000000000
11111111111110101111111111110111000000000000000000000000000001010000000000000110000000000000000000000000000001010000000000000000
11111111111100101111111111110101000000000000000000000000000001100000000000001110000000000000000000000000000001100000000000000000
11111111111011101111111111101111000000000000000000000000000010000000000000010010000000000000000000000000000010000000000000000000
11111111111101001111111111111000000000000000000000000000000001010000000000001100000000000000000000000000000001010000000000000000
11111111111100101111111111110010000000000000000000000000000001010000000000001110000000000000000000000000000001010000000000000000
00000000000000000000000000000000000000000000000000000000000000000000000000000000000000000000000000000000000000000000000000000000
00000000000000000000000000000000000000000000000000000000000000000000000000000000000000000000000000000000000000000000000000000000
11111111111110101111111111111010000000000000000000000000000001100000000000000110000000000000000000000000000001100000000000000000
11111111111111001111111111111111000000000000000000000000000000110000000000000100000000000000000000000000000000110000000000000000
11111111111101101111111111101011000000000000000000000000000010000000000000001010000000000000000000000000000010000000000000000000
11111111111100001111111111110000000000000000000000000000000001110000000000010000000000000000000000000000000001110000000000000000
11111111111011101111111111101110000000000000000000000000000010000000000000010010000000000000000000000000000010000000000000000000
11111111111101001111111111101010000000000000000000000000000010100000000000001100000000000000000000000000000010100000000000000000
11111111111100101111111111110111000000000000000000000000000001010000000000001110000000000000000000000000000001010000000000000000
11111111111110101111111111111010000000000000000000000000000001000000000000000110000000000000000000000000000001000000000000000000
00000000000000000000000000000000000000000000000000000000000000000000000000000000000000000000000000000000000000000000000000000000
00000000000000000000000000000000000000000000000000000000000000000000000000000000000000000000000000000000000000000000000000000000
11111111111101100000000000000000000000000000000000000000000000100000000000001010000000000000000000000000000000100000000000000000
11111111111101101111111111110010000000000000000000000000000001110000000000001010000000000000000000000000000001110000000000000000
11111111111101001111111111101011000000000000000000000000000010000000000000001100000000000000000000000000000010000000000000000000
11111111111011101111111111110110000000000000000000000000000001010000000000010010000000000000000000000000000001010000000000000000
11111111111101001111111111110001000000000000000000000000000001100000000000001100000000000000000000000000000001100000000000000000
11111111111100001111111111110111000000000000000000000000000001000000000000010000000000000000000000000000000001000000000000000000
11111111111100001111111111110000000000000000000000000000000001100000000000010000000000000000000000000000000001100000000000000000
11111111111101100000000000000000000000000000000000000000000000110000000000001010000000000000000000000000000000110000000000000000
00000000000000000000000000000000000000000000000000000000000000000000000000000000000000000000000000000000000000000000000000000000
00000000000000000000000000000000000000000000000000000000000000000000000000000000000000000000000000000000000000000000000000000000
11111111111011100000000000000010000000000000000000000000000000010000000000010010000000000000000000000000000000010000000000000000
11111111111101001111111111110011000000000000000000000000000001100000000000001100000000000000000000000000000001100000000000000000
11111111111111101111111111101111000000000000000000000000000001110000000000000010000000000000000000000000000001110000000000000000
11111111111101100000000000000100000000000000000000000000000000000000000000001010000000000000000000000000000000000000000000000000
11111111111111001111111111111000000000000000000000000000000001000000000000000100000000000000000000000000000001000000000000000000
11111111111110001111111111111010000000000000000000000000000000110000000000001000000000000000000000000000000000110000000000000000
11111111111110101111111111111100000000000000000000000000000000110000000000000110000000000000000000000000000000110000000000000000
11111111111100000000000000000010000000000000000000000000000000010000000000010000000000000000000000000000000000010000000000000000
00000000000000000000000000000000000000000000000000000000000000000000000000000000000000000000000000000000000000000000000000000000
00000000000000000000000000000000000000000000000000000000000000000000000000000000000000000000000000000000000000000000000000000000
11111111111101001111111111111111000000000000000000000000000000100000000000001100000000000000000000000000000000100000000000000000
11111111111101001111111111110101000000000000000000000000000001010000000000001100000000000000000000000000000001010000000000000000
00000000000000001111111111111100000000000000000000000000000001000000000000000000000000000000000000000000000001000000000000000000
00000000000000000000000000000011000000000000000000000000000000000000000000000000000000000000000000000000000000000000000000000000
00000000000000001111111111111010000000000000000000000000000000110000000000000000000000000000000000000000000000110000000000000000
11111111111111100000000000000101000000000000000000000000000000000000000000000010000000000000000000000000000000000000000000000000
11111111111110100000000000000100000000000000000000000000000000000000000000000110000000000000000000000000000000000000000000000000
11111111111101000000000000000010000000000000000000000000000000010000000000001100000000000000000000000000000000010000000000000000
00000000000000000000000000000000000000000000000000000000000000000000000000000000000000000000000000000000000000000000000000000000
00000000000000000000000000000000000000000000000000000000000000000000000000000000000000000000000000000000000000000000000000000000
11111111111101100000000000000100000000000000000000000000000000010000000000001010000000000000000000000000000000010000000000000000
11111111111111101111111111111001000000000000000000000000000000110000000000000010000000000000000000000000000000110000000000000000
11111111111110101111111111111001000000000000000000000000000001000000000000000110000000000000000000000000000001000000000000000000
11111111111101000000000000000010000000000000000000000000000000000000000000001100000000000000000000000000000000000000000000000000
11111111111100100000000000000010000000000000000000000000000000000000000000001110000000000000000000000000000000000000000000000000
11111111111100100000000000000011000000000000000000000000000000000000000000001110000000000000000000000000000000000000000000000000
11111111111101000000000000000010000000000000000000000000000000000000000000001100000000000000000000000000000000000000000000000000
11111111111101100000000000000011000000000000000000000000000000100000000000001010000000000000000000000000000000100000000000000000
00000000000000000000000000000000000000000000000000000000000000000000000000000000000000000000000000000000000000000000000000000000
00000000000000000000000000000000000000000000000000000000000000000000000000000000000000000000000000000000000000000000000000000000
11111111111100101111111111111111000000000000000000000000000000100000000000001110000000000000000000000000000000100000000000000000
11111111111111100000000000000000000000000000000000000000000000000000000000000010000000000000000000000000000000000000000000000000
11111111111110001111111111110111000000000000000000000000000000110000000000001000000000000000000000000000000000110000000000000000
11111111111100101111111111111011000000000000000000000000000000100000000000001110000000000000000000000000000000100000000000000000
11111111111100001111111111111110000000000000000000000000000000010000000000010000000000000000000000000000000000010000000000000000
11111111111100100000000000000000000000000000000000000000000000010000000000001110000000000000000000000000000000010000000000000000
11111111111101101111111111111000000000000000000000000000000001000000000000001010000000000000000000000000000001000000000000000000
11111111111110001111111111111010000000000000000000000000000001000000000000001000000000000000000000000000000001000000000000000000
00000000000000000000000000000000000000000000000000000000000000000000000000000000000000000000000000000000000000000000000000000000
00000000000000000000000000000000000000000000000000000000000000000000000000000000000000000000000000000000000000000000000000000000
00000000000000000000000000000000000000000000000000000000000000000000000000000000000000000000000000000000000000000000000000000000
00000000000000000000000000000000000000000000000000000000000000000000000000000000000000000000000000000000000000000000000000000000
00000000000000000000000000000000000000000000000000000000000000000000000000000000000000000000000000000000000000000000000000000000
00000000000000000000000000000000000000000000000000000000000000000000000000000000000000000000000000000000000000000000000000000000
00000000000000000000000000000000000000000000000000000000000000000000000000000000000000000000000000000000000000000000000000000000
00000000000000000000000000000000000000000000000000000000000000000000000000000000000000000000000000000000000000000000000000000000
00000000000000000000000000000000000000000000000000000000000000000000000000000000000000000000000000000000000000000000000000000000
00000000000000000000000000000000000000000000000000000000000000000000000000000000000000000000000000000000000000000000000000000000
00000000000000000000000000000000000000000000000000000000000000000000000000000000000000000000000000000000000000000000000000000000
