#time0col7[msb-lsb],time0col6[msb-lst],....,time0col0[msb-lst]#
#time1col7[msb-lsb],time1col6[msb-lst],....,time1col0[msb-lst]#
#................#
00000000000000000000000000000000000000000000000000000000000000000000000000000000000000000000000000000000000000000000000000000000
00000000000000000000000000000000000000000000000000000000000000000000000000000000000000000000000000000000000000000000000000000000
00000000000000000000000000000000000000000000000000000000000000000000000000000000000000000000000000000000000000000000000000000000
00000000000000000000000000000000000000000000000000000000000000000000000000000000000000000000000000000000000000000000000000000000
00000000000000000000000000000000000000000000000000000000000000000000000000000000000000000000000000000000000000000000000000000000
00000000000000000000000000000000000000000000000000000000000000000000000000000000000000000000000000000000000000000000000000000000
00000000000000000000000000000000000000000000000000000000000000000000000000000000000000000000000000000000000000000000000000000000
00000000000000000000000000000000000000000000000000000000000000000000000000000000000000000000000000000000000000000000000000000000
00000000000000000000000000000000000000000000000000000000000000000000000000000000000000000000000000000000000000000000000000000000
00000000000000000000000000000000000000000000000000000000000000000000000000000000000000000000000000000000000000000000000000000000
00000000000000000000000000000000000000000000000000000000000000000000000000000000000000000000000000000000000000000000000000000000
00000000000000000000000000000010000000000000000000000000000000000000000000000000000000000000000000000000000000000000000000000010
00000000000000000000000000000001000000000000000000000000000000000000000000000000000000000000000000000000000000000000000000000001
00000000000000000000000000000110000000000000000000000000000000000000000000000000000000000000000000000000000000000000000000000110
00000000000000000000000000000010000000000000000000000000000000000000000000000000000000000000000000000000000000000000000000000010
00000000000000000000000000000001000000000000000000000000000000000000000000000000000000000000000000000000000000000000000000000001
00000000000000000000000000000010000000000000000000000000000000000000000000000000000000000000000000000000000000000000000000000010
00000000000000000000000000000000000000000000000000000000000000000000000000000000000000000000000000000000000000000000000000000000
00000000000000000000000000000101000000000000000000000000000000000000000000000000000000000000000000000000000000000000000000000101
00000000000000000000000000000000000000000000000000000000000000000000000000000000000000000000000000000000000000000000000000000000
00000000000000000000000000000000000000000000000000000000000000000000000000000000000000000000000000000000000000000000000000000000
00000000000000000000000000000111000000000000000000000000000000000000000000000000000000000000000000000000000000000000000000000111
00000000000000000000000000000010000000000000000000000000000000000000000000000000000000000000000000000000000000000000000000000010
00000000000000000000000000000111000000000000000000000000000000000000000000000000000000000000000000000000000000000000000000000111
00000000000000000000000000000101000000000000000000000000000000000000000000000000000000000000000000000000000000000000000000000101
00000000000000000000000000000110000000000000000000000000000000000000000000000000000000000000000000000000000000000000000000000110
00000000000000000000000000001000000000000000000000000000000000000000000000000000000000000000000000000000000000000000000000001000
00000000000000000000000000000101000000000000000000000000000000000000000000000000000000000000000000000000000000000000000000000101
00000000000000000000000000000101000000000000000000000000000000000000000000000000000000000000000000000000000000000000000000000101
00000000000000000000000000000000000000000000000000000000000000000000000000000000000000000000000000000000000000000000000000000000
00000000000000000000000000000000000000000000000000000000000000000000000000000000000000000000000000000000000000000000000000000000
00000000000000000000000000000110000000000000000000000000000000000000000000000000000000000000000000000000000000000000000000000110
00000000000000000000000000000011000000000000000000000000000000000000000000000000000000000000000000000000000000000000000000000011
00000000000000000000000000001000000000000000000000000000000000000000000000000000000000000000000000000000000000000000000000001000
00000000000000000000000000000111000000000000000000000000000000000000000000000000000000000000000000000000000000000000000000000111
00000000000000000000000000001000000000000000000000000000000000000000000000000000000000000000000000000000000000000000000000001000
00000000000000000000000000001010000000000000000000000000000000000000000000000000000000000000000000000000000000000000000000001010
00000000000000000000000000000101000000000000000000000000000000000000000000000000000000000000000000000000000000000000000000000101
00000000000000000000000000000100000000000000000000000000000000000000000000000000000000000000000000000000000000000000000000000100
00000000000000000000000000000000000000000000000000000000000000000000000000000000000000000000000000000000000000000000000000000000
00000000000000000000000000000000000000000000000000000000000000000000000000000000000000000000000000000000000000000000000000000000
00000000000000000000000000000010000000000000000000000000000000000000000000000000000000000000000000000000000000000000000000000010
00000000000000000000000000000111000000000000000000000000000000000000000000000000000000000000000000000000000000000000000000000111
00000000000000000000000000001000000000000000000000000000000000000000000000000000000000000000000000000000000000000000000000001000
00000000000000000000000000000101000000000000000000000000000000000000000000000000000000000000000000000000000000000000000000000101
00000000000000000000000000000110000000000000000000000000000000000000000000000000000000000000000000000000000000000000000000000110
00000000000000000000000000000100000000000000000000000000000000000000000000000000000000000000000000000000000000000000000000000100
00000000000000000000000000000110000000000000000000000000000000000000000000000000000000000000000000000000000000000000000000000110
00000000000000000000000000000011000000000000000000000000000000000000000000000000000000000000000000000000000000000000000000000011
00000000000000000000000000000000000000000000000000000000000000000000000000000000000000000000000000000000000000000000000000000000
00000000000000000000000000000000000000000000000000000000000000000000000000000000000000000000000000000000000000000000000000000000
00000000000000000000000000000001000000000000000000000000000000000000000000000000000000000000000000000000000000000000000000000001
00000000000000000000000000000110000000000000000000000000000000000000000000000000000000000000000000000000000000000000000000000110
00000000000000000000000000000111000000000000000000000000000000000000000000000000000000000000000000000000000000000000000000000111
00000000000000000000000000000000000000000000000000000000000000000000000000000000000000000000000000000000000000000000000000000000
00000000000000000000000000000100000000000000000000000000000000000000000000000000000000000000000000000000000000000000000000000100
00000000000000000000000000000011000000000000000000000000000000000000000000000000000000000000000000000000000000000000000000000011
00000000000000000000000000000011000000000000000000000000000000000000000000000000000000000000000000000000000000000000000000000011
00000000000000000000000000000001000000000000000000000000000000000000000000000000000000000000000000000000000000000000000000000001
00000000000000000000000000000000000000000000000000000000000000000000000000000000000000000000000000000000000000000000000000000000
00000000000000000000000000000000000000000000000000000000000000000000000000000000000000000000000000000000000000000000000000000000
00000000000000000000000000000010000000000000000000000000000000000000000000000000000000000000000000000000000000000000000000000010
00000000000000000000000000000101000000000000000000000000000000000000000000000000000000000000000000000000000000000000000000000101
00000000000000000000000000000100000000000000000000000000000000000000000000000000000000000000000000000000000000000000000000000100
00000000000000000000000000000000000000000000000000000000000000000000000000000000000000000000000000000000000000000000000000000000
00000000000000000000000000000011000000000000000000000000000000000000000000000000000000000000000000000000000000000000000000000011
00000000000000000000000000000000000000000000000000000000000000000000000000000000000000000000000000000000000000000000000000000000
00000000000000000000000000000000000000000000000000000000000000000000000000000000000000000000000000000000000000000000000000000000
00000000000000000000000000000001000000000000000000000000000000000000000000000000000000000000000000000000000000000000000000000001
00000000000000000000000000000000000000000000000000000000000000000000000000000000000000000000000000000000000000000000000000000000
00000000000000000000000000000000000000000000000000000000000000000000000000000000000000000000000000000000000000000000000000000000
00000000000000000000000000000001000000000000000000000000000000000000000000000000000000000000000000000000000000000000000000000001
00000000000000000000000000000011000000000000000000000000000000000000000000000000000000000000000000000000000000000000000000000011
00000000000000000000000000000100000000000000000000000000000000000000000000000000000000000000000000000000000000000000000000000100
00000000000000000000000000000000000000000000000000000000000000000000000000000000000000000000000000000000000000000000000000000000
00000000000000000000000000000000000000000000000000000000000000000000000000000000000000000000000000000000000000000000000000000000
00000000000000000000000000000000000000000000000000000000000000000000000000000000000000000000000000000000000000000000000000000000
00000000000000000000000000000000000000000000000000000000000000000000000000000000000000000000000000000000000000000000000000000000
00000000000000000000000000000010000000000000000000000000000000000000000000000000000000000000000000000000000000000000000000000010
00000000000000000000000000000000000000000000000000000000000000000000000000000000000000000000000000000000000000000000000000000000
00000000000000000000000000000000000000000000000000000000000000000000000000000000000000000000000000000000000000000000000000000000
00000000000000000000000000000010000000000000000000000000000000000000000000000000000000000000000000000000000000000000000000000010
00000000000000000000000000000000000000000000000000000000000000000000000000000000000000000000000000000000000000000000000000000000
00000000000000000000000000000011000000000000000000000000000000000000000000000000000000000000000000000000000000000000000000000011
00000000000000000000000000000010000000000000000000000000000000000000000000000000000000000000000000000000000000000000000000000010
00000000000000000000000000000001000000000000000000000000000000000000000000000000000000000000000000000000000000000000000000000001
00000000000000000000000000000001000000000000000000000000000000000000000000000000000000000000000000000000000000000000000000000001
00000000000000000000000000000100000000000000000000000000000000000000000000000000000000000000000000000000000000000000000000000100
00000000000000000000000000000100000000000000000000000000000000000000000000000000000000000000000000000000000000000000000000000100
00000000000000000000000000000000000000000000000000000000000000000000000000000000000000000000000000000000000000000000000000000000
00000000000000000000000000000000000000000000000000000000000000000000000000000000000000000000000000000000000000000000000000000000
00000000000000000000000000000000000000000000000000000000000000000000000000000000000000000000000000000000000000000000000000000000
00000000000000000000000000000000000000000000000000000000000000000000000000000000000000000000000000000000000000000000000000000000
00000000000000000000000000000000000000000000000000000000000000000000000000000000000000000000000000000000000000000000000000000000
00000000000000000000000000000000000000000000000000000000000000000000000000000000000000000000000000000000000000000000000000000000
00000000000000000000000000000000000000000000000000000000000000000000000000000000000000000000000000000000000000000000000000000000
00000000000000000000000000000000000000000000000000000000000000000000000000000000000000000000000000000000000000000000000000000000
00000000000000000000000000000000000000000000000000000000000000000000000000000000000000000000000000000000000000000000000000000000
00000000000000000000000000000000000000000000000000000000000000000000000000000000000000000000000000000000000000000000000000000000
00000000000000000000000000000000000000000000000000000000000000000000000000000000000000000000000000000000000000000000000000000000
