#time0col7[msb-lsb],time0col6[msb-lst],....,time0col0[msb-lst]#
#time1col7[msb-lsb],time1col6[msb-lst],....,time1col0[msb-lst]#
#................#
00000000000000000000000000000000000000000000000000000000000000000000000000000000000000000000000000000000000000000000000000000000
00000000000000000000000000000000000000000000000000000000000000000000000000000000000000000000000000000000000000000000000000000000
00000000000000000000000000000000000000000000000000000000000000000000000000000000000000000000000000000000000000000000000000000000
00000000000000000000000000000000000000000000000000000000000000000000000000000000000000000000000000000000000000000000000000000000
00000000000000000000000000000000000000000000000000000000000000000000000000000000000000000000000000000000000000000000000000000000
00000000000000000000000000000000000000000000000000000000000000000000000000000000000000000000000000000000000000000000000000000000
00000000000000000000000000000000000000000000000000000000000000000000000000000000000000000000000000000000000000000000000000000000
00000000000000000000000000000000000000000000000000000000000000000000000000000000000000000000000000000000000000000000000000000000
00000000000000000000000000000000000000000000000000000000000000000000000000000000000000000000000000000000000000000000000000000000
00000000000000000000000000000000000000000000000000000000000000000000000000000000000000000000000000000000000000000000000000000000
00000000000000000000000000000000000000000000000000000000000000000000000000000000000000000000000000000000000000000000000000000000
00000000000000000000000000000000000000000000100000000000000000000000000000000000000000000000000000000000000000000000000000000000
00000000000000000000000000000000000000000000100100000000000000000000000000000000000000000000000000000000000000000000000000000000
00000000000000000000000000000000000000000000101100000000000000000000000000000000000000000000000000000000000000000000000000000000
00000000000000000000000000000000000000000000100000000000000000000000000000000000000000000000000000000000000000000000000000000000
00000000000000000000000000000000000000000000100000000000000000000000000000000000000000000000000000000000000000000000000000000000
00000000000000000000000000000000000000000000011000000000000000000000000000000000000000000000000000000000000000000000000000000000
00000000000000000000000000000000000000000000010000000000000000000000000000000000000000000000000000000000000000000000000000000000
00000000000000000000000000000000000000000000101100000000000000000000000000000000000000000000000000000000000000000000000000000000
00000000000000000000000000000000000000000000000000000000000000000000000000000000000000000000000000000000000000000000000000000000
00000000000000000000000000000000000000000000000000000000000000000000000000000000000000000000000000000000000000000000000000000000
00000000000000000000000000000000000000000000010100000000000000000000000000000000000000000000000000000000000000000000000000000000
00000000000000000000000000000000000000000000011100000000000000000000000000000000000000000000000000000000000000000000000000000000
00000000000000000000000000000000000000000000011000000000000000000000000000000000000000000000000000000000000000000000000000000000
00000000000000000000000000000000000000000000011100000000000000000000000000000000000000000000000000000000000000000000000000000000
00000000000000000000000000000000000000000000110000000000000000000000000000000000000000000000000000000000000000000000000000000000
00000000000000000000000000000000000000000000101100000000000000000000000000000000000000000000000000000000000000000000000000000000
00000000000000000000000000000000000000000000100000000000000000000000000000000000000000000000000000000000000000000000000000000000
00000000000000000000000000000000000000000000100100000000000000000000000000000000000000000000000000000000000000000000000000000000
00000000000000000000000000000000000000000000000000000000000000000000000000000000000000000000000000000000000000000000000000000000
00000000000000000000000000000000000000000000000000000000000000000000000000000000000000000000000000000000000000000000000000000000
00000000000000000000000000000000000000000000011100000000000000000000000000000000000000000000000000000000000000000000000000000000
00000000000000000000000000000000000000000000011100000000000000000000000000000000000000000000000000000000000000000000000000000000
00000000000000000000000000000000000000000000011000000000000000000000000000000000000000000000000000000000000000000000000000000000
00000000000000000000000000000000000000000000100100000000000000000000000000000000000000000000000000000000000000000000000000000000
00000000000000000000000000000000000000000000110100000000000000000000000000000000000000000000000000000000000000000000000000000000
00000000000000000000000000000000000000000000111100000000000000000000000000000000000000000000000000000000000000000000000000000000
00000000000000000000000000000000000000000000111100000000000000000000000000000000000000000000000000000000000000000000000000000000
00000000000000000000000000000000000000000000011100000000000000000000000000000000000000000000000000000000000000000000000000000000
00000000000000000000000000000000000000000000000000000000000000000000000000000000000000000000000000000000000000000000000000000000
00000000000000000000000000000000000000000000000000000000000000000000000000000000000000000000000000000000000000000000000000000000
00000000000000000000000000000000000000000000110100000000000000000000000000000000000000000000000000000000000000000000000000000000
00000000000000000000000000000000000000000000110100000000000000000000000000000000000000000000000000000000000000000000000000000000
00000000000000000000000000000000000000000000101100000000000000000000000000000000000000000000000000000000000000000000000000000000
00000000000000000000000000000000000000000000101100000000000000000000000000000000000000000000000000000000000000000000000000000000
00000000000000000000000000000000000000000000110000000000000000000000000000000000000000000000000000000000000000000000000000000000
00000000000000000000000000000000000000000000110000000000000000000000000000000000000000000000000000000000000000000000000000000000
00000000000000000000000000000000000000000000111000000000000000000000000000000000000000000000000000000000000000000000000000000000
00000000000000000000000000000000000000000000011100000000000000000000000000000000000000000000000000000000000000000000000000000000
00000000000000000000000000000000000000000000000000000000000000000000000000000000000000000000000000000000000000000000000000000000
00000000000000000000000000000000000000000000000000000000000000000000000000000000000000000000000000000000000000000000000000000000
00000000000000000000000000000000000000000001001000000000000000000000000000000000000000000000000000000000000000000000000000000000
00000000000000000000000000000000000000000001000100000000000000000000000000000000000000000000000000000000000000000000000000000000
00000000000000000000000000000000000000000000001000000000000000000000000000000000000000000000000000000000000000000000000000000000
00000000000000000000000000000000000000000000011100000000000000000000000000000000000000000000000000000000000000000000000000000000
00000000000000000000000000000000000000000000011100000000000000000000000000000000000000000000000000000000000000000000000000000000
00000000000000000000000000000000000000000000001100000000000000000000000000000000000000000000000000000000000000000000000000000000
00000000000000000000000000000000000000000000010100000000000000000000000000000000000000000000000000000000000000000000000000000000
00000000000000000000000000000000000000000000011100000000000000000000000000000000000000000000000000000000000000000000000000000000
00000000000000000000000000000000000000000000000000000000000000000000000000000000000000000000000000000000000000000000000000000000
00000000000000000000000000000000000000000000000000000000000000000000000000000000000000000000000000000000000000000000000000000000
00000000000000000000000000000000000000000000111100000000000000000000000000000000000000000000000000000000000000000000000000000000
00000000000000000000000000000000000000000001000000000000000000000000000000000000000000000000000000000000000000000000000000000000
00000000000000000000000000000000000000000000000000000000000000000000000000000000000000000000000000000000000000000000000000000000
00000000000000000000000000000000000000000000010000000000000000000000000000000000000000000000000000000000000000000000000000000000
00000000000000000000000000000000000000000000001000000000000000000000000000000000000000000000000000000000000000000000000000000000
00000000000000000000000000000000000000000000001000000000000000000000000000000000000000000000000000000000000000000000000000000000
00000000000000000000000000000000000000000000010100000000000000000000000000000000000000000000000000000000000000000000000000000000
00000000000000000000000000000000000000000000101000000000000000000000000000000000000000000000000000000000000000000000000000000000
00000000000000000000000000000000000000000000000000000000000000000000000000000000000000000000000000000000000000000000000000000000
00000000000000000000000000000000000000000000000000000000000000000000000000000000000000000000000000000000000000000000000000000000
00000000000000000000000000000000000000000000110100000000000000000000000000000000000000000000000000000000000000000000000000000000
00000000000000000000000000000000000000000000010100000000000000000000000000000000000000000000000000000000000000000000000000000000
00000000000000000000000000000000000000000000001000000000000000000000000000000000000000000000000000000000000000000000000000000000
00000000000000000000000000000000000000000000011000000000000000000000000000000000000000000000000000000000000000000000000000000000
00000000000000000000000000000000000000000000100000000000000000000000000000000000000000000000000000000000000000000000000000000000
00000000000000000000000000000000000000000000011100000000000000000000000000000000000000000000000000000000000000000000000000000000
00000000000000000000000000000000000000000000101100000000000000000000000000000000000000000000000000000000000000000000000000000000
00000000000000000000000000000000000000000000110000000000000000000000000000000000000000000000000000000000000000000000000000000000
00000000000000000000000000000000000000000000000000000000000000000000000000000000000000000000000000000000000000000000000000000000
00000000000000000000000000000000000000000000000000000000000000000000000000000000000000000000000000000000000000000000000000000000
00000000000000000000000000000000000000000001000000000000000000000000000000000000000000000000000000000000000000000000000000000000
00000000000000000000000000000000000000000000001100000000000000000000000000000000000000000000000000000000000000000000000000000000
00000000000000000000000000000000000000000000010000000000000000000000000000000000000000000000000000000000000000000000000000000000
00000000000000000000000000000000000000000000110000000000000000000000000000000000000000000000000000000000000000000000000000000000
00000000000000000000000000000000000000000000110000000000000000000000000000000000000000000000000000000000000000000000000000000000
00000000000000000000000000000000000000000000110000000000000000000000000000000000000000000000000000000000000000000000000000000000
00000000000000000000000000000000000000000000101100000000000000000000000000000000000000000000000000000000000000000000000000000000
00000000000000000000000000000000000000000000101100000000000000000000000000000000000000000000000000000000000000000000000000000000
00000000000000000000000000000000000000000000000000000000000000000000000000000000000000000000000000000000000000000000000000000000
00000000000000000000000000000000000000000000000000000000000000000000000000000000000000000000000000000000000000000000000000000000
00000000000000000000000000000000000000000000000000000000000000000000000000000000000000000000000000000000000000000000000000000000
00000000000000000000000000000000000000000000000000000000000000000000000000000000000000000000000000000000000000000000000000000000
00000000000000000000000000000000000000000000000000000000000000000000000000000000000000000000000000000000000000000000000000000000
00000000000000000000000000000000000000000000000000000000000000000000000000000000000000000000000000000000000000000000000000000000
00000000000000000000000000000000000000000000000000000000000000000000000000000000000000000000000000000000000000000000000000000000
00000000000000000000000000000000000000000000000000000000000000000000000000000000000000000000000000000000000000000000000000000000
00000000000000000000000000000000000000000000000000000000000000000000000000000000000000000000000000000000000000000000000000000000
00000000000000000000000000000000000000000000000000000000000000000000000000000000000000000000000000000000000000000000000000000000
00000000000000000000000000000000000000000000000000000000000000000000000000000000000000000000000000000000000000000000000000000000
