#time0col7[msb-lsb],time0col6[msb-lst],....,time0col0[msb-lst]#
#time1col7[msb-lsb],time1col6[msb-lst],....,time1col0[msb-lst]#
#................#
00000000000000000000000000000000000000000000000000000000000000000000000000000000000000000000000000000000000000000000000000000000
00000000000000000000000000000000000000000000000000000000000000000000000000000000000000000000000000000000000000000000000000000000
00000000000000000000000000000000000000000000000000000000000000000000000000000000000000000000000000000000000000000000000000000000
00000000000000000000000000000000000000000000000000000000000000000000000000000000000000000000000000000000000000000000000000000000
00000000000000000000000000000000000000000000000000000000000000000000000000000000000000000000000000000000000000000000000000000000
00000000000000000000000000000000000000000000000000000000000000000000000000000000000000000000000000000000000000000000000000000000
00000000000000000000000000000000000000000000000000000000000000000000000000000000000000000000000000000000000000000000000000000000
00000000000000000000000000000000000000000000000000000000000000000000000000000000000000000000000000000000000000000000000000000000
00000000000000000000000000000000000000000000000000000000000000000000000000000000000000000000000000000000000000000000000000000000
00000000000000000000000000000000000000000000000000000000000000000000000000000000000000000000000000000000000000000000000000000000
00000000000000000000000000000000000000000000000000000000000000000000000000000000000000000000000000000000000000000000000000000000
00000000000000000000000000000000000000000000000011111111111010110000000000000000000000000000000000000000000101010000000000000000
00000000000000000000000000000000000000000000000011111111111011110000000000000000000000000000000000000000000100110000000000000000
00000000000000000000000000000000000000000000000011111111111011100000000000000000000000000000000000000000000011010000000000000000
00000000000000000000000000000000000000000000000011111111111010000000000000000000000000000000000000000000000010000000000000000000
00000000000000000000000000000000000000000000000011111111111001110000000000000000000000000000000000000000000011000000000000000000
00000000000000000000000000000000000000000000000011111111111011010000000000000000000000000000000000000000000010110000000000000000
00000000000000000000000000000000000000000000000011111111111100000000000000000000000000000000000000000000000001100000000000000000
00000000000000000000000000000000000000000000000011111111111011010000000000000000000000000000000000000000000011010000000000000000
00000000000000000000000000000000000000000000000000000000000000000000000000000000000000000000000000000000000000000000000000000000
00000000000000000000000000000000000000000000000000000000000000000000000000000000000000000000000000000000000000000000000000000000
00000000000000000000000000000000000000000000000011111111111100000000000000000000000000000000000000000000000011110000000000000000
00000000000000000000000000000000000000000000000011111111111101110000000000000000000000000000000000000000000010110000000000000000
00000000000000000000000000000000000000000000000011111111111101010000000000000000000000000000000000000000000001110000000000000000
00000000000000000000000000000000000000000000000011111111111110000000000000000000000000000000000000000000000010010000000000000000
00000000000000000000000000000000000000000000000011111111111101000000000000000000000000000000000000000000000101000000000000000000
00000000000000000000000000000000000000000000000011111111111100100000000000000000000000000000000000000000000101100000000000000000
00000000000000000000000000000000000000000000000011111111111111010000000000000000000000000000000000000000000011010000000000000000
00000000000000000000000000000000000000000000000011111111111100010000000000000000000000000000000000000000000001010000000000000000
00000000000000000000000000000000000000000000000000000000000000000000000000000000000000000000000000000000000000000000000000000000
00000000000000000000000000000000000000000000000000000000000000000000000000000000000000000000000000000000000000000000000000000000
00000000000000000000000000000000000000000000000011111111111110110000000000000000000000000000000000000000000011110000000000000000
00000000000000000000000000000000000000000000000011111111111110110000000000000000000000000000000000000000000010110000000000000000
00000000000000000000000000000000000000000000000011111111111111010000000000000000000000000000000000000000000010000000000000000000
00000000000000000000000000000000000000000000000000000000000000000000000000000000000000000000000000000000000011100000000000000000
00000000000000000000000000000000000000000000000011111111111111000000000000000000000000000000000000000000000101000000000000000000
00000000000000000000000000000000000000000000000011111111111100110000000000000000000000000000000000000000000100110000000000000000
00000000000000000000000000000000000000000000000011111111111110010000000000000000000000000000000000000000000110010000000000000000
00000000000000000000000000000000000000000000000011111111111111000000000000000000000000000000000000000000000001010000000000000000
00000000000000000000000000000000000000000000000000000000000000000000000000000000000000000000000000000000000000000000000000000000
00000000000000000000000000000000000000000000000000000000000000000000000000000000000000000000000000000000000000000000000000000000
00000000000000000000000000000000000000000000000011111111111111010000000000000000000000000000000000000000000101010000000000000000
00000000000000000000000000000000000000000000000011111111111111000000000000000000000000000000000000000000000101000000000000000000
00000000000000000000000000000000000000000000000011111111111101000000000000000000000000000000000000000000000011100000000000000000
00000000000000000000000000000000000000000000000011111111111110110000000000000000000000000000000000000000000011010000000000000000
00000000000000000000000000000000000000000000000011111111111111010000000000000000000000000000000000000000000011100000000000000000
00000000000000000000000000000000000000000000000011111111111101000000000000000000000000000000000000000000000011110000000000000000
00000000000000000000000000000000000000000000000011111111111101000000000000000000000000000000000000000000000110000000000000000000
00000000000000000000000000000000000000000000000011111111111111010000000000000000000000000000000000000000000011000000000000000000
00000000000000000000000000000000000000000000000000000000000000000000000000000000000000000000000000000000000000000000000000000000
00000000000000000000000000000000000000000000000000000000000000000000000000000000000000000000000000000000000000000000000000000000
00000000000000000000000000000000000000000000000011111111111101100000000000000000000000000000000000000000000111100000000000000000
00000000000000000000000000000000000000000000000011111111111111000000000000000000000000000000000000000000000111100000000000000000
00000000000000000000000000000000000000000000000011111111111101100000000000000000000000000000000000000000000000000000000000000000
00000000000000000000000000000000000000000000000011111111111110010000000000000000000000000000000000000000000000110000000000000000
00000000000000000000000000000000000000000000000011111111111110100000000000000000000000000000000000000000000000110000000000000000
00000000000000000000000000000000000000000000000011111111111110000000000000000000000000000000000000000000000000010000000000000000
00000000000000000000000000000000000000000000000011111111111110100000000000000000000000000000000000000000000000000000000000000000
00000000000000000000000000000000000000000000000011111111111101100000000000000000000000000000000000000000000010100000000000000000
00000000000000000000000000000000000000000000000000000000000000000000000000000000000000000000000000000000000000000000000000000000
00000000000000000000000000000000000000000000000000000000000000000000000000000000000000000000000000000000000000000000000000000000
00000000000000000000000000000000000000000000000011111111111100100000000000000000000000000000000000000000000110100000000000000000
00000000000000000000000000000000000000000000000011111111111100010000000000000000000000000000000000000000001000010000000000000000
00000000000000000000000000000000000000000000000011111111111101000000000000000000000000000000000000000000000010000000000000000000
00000000000000000000000000000000000000000000000011111111111100010000000000000000000000000000000000000000000001110000000000000000
00000000000000000000000000000000000000000000000011111111111100010000000000000000000000000000000000000000000000110000000000000000
00000000000000000000000000000000000000000000000011111111111100000000000000000000000000000000000000000000000001100000000000000000
00000000000000000000000000000000000000000000000011111111111100000000000000000000000000000000000000000000000001110000000000000000
00000000000000000000000000000000000000000000000011111111111011110000000000000000000000000000000000000000000100010000000000000000
00000000000000000000000000000000000000000000000000000000000000000000000000000000000000000000000000000000000000000000000000000000
00000000000000000000000000000000000000000000000000000000000000000000000000000000000000000000000000000000000000000000000000000000
00000000000000000000000000000000000000000000000011111111111100110000000000000000000000000000000000000000000110100000000000000000
00000000000000000000000000000000000000000000000011111111111101010000000000000000000000000000000000000000000010100000000000000000
00000000000000000000000000000000000000000000000011111111111100010000000000000000000000000000000000000000000010010000000000000000
00000000000000000000000000000000000000000000000011111111111010010000000000000000000000000000000000000000000011100000000000000000
00000000000000000000000000000000000000000000000011111111111011010000000000000000000000000000000000000000000100010000000000000000
00000000000000000000000000000000000000000000000011111111111011010000000000000000000000000000000000000000000011010000000000000000
00000000000000000000000000000000000000000000000011111111111010110000000000000000000000000000000000000000000100000000000000000000
00000000000000000000000000000000000000000000000011111111111100000000000000000000000000000000000000000000000101000000000000000000
00000000000000000000000000000000000000000000000000000000000000000000000000000000000000000000000000000000000000000000000000000000
00000000000000000000000000000000000000000000000000000000000000000000000000000000000000000000000000000000000000000000000000000000
00000000000000000000000000000000000000000000000011111111111001100000000000000000000000000000000000000000001000010000000000000000
00000000000000000000000000000000000000000000000011111111111011100000000000000000000000000000000000000000000100000000000000000000
00000000000000000000000000000000000000000000000011111111111011010000000000000000000000000000000000000000000011000000000000000000
00000000000000000000000000000000000000000000000011111111111011000000000000000000000000000000000000000000000100100000000000000000
00000000000000000000000000000000000000000000000011111111111011110000000000000000000000000000000000000000000100000000000000000000
00000000000000000000000000000000000000000000000011111111111100000000000000000000000000000000000000000000000011110000000000000000
00000000000000000000000000000000000000000000000011111111111011100000000000000000000000000000000000000000000100110000000000000000
00000000000000000000000000000000000000000000000011111111111011010000000000000000000000000000000000000000000101100000000000000000
00000000000000000000000000000000000000000000000000000000000000000000000000000000000000000000000000000000000000000000000000000000
00000000000000000000000000000000000000000000000000000000000000000000000000000000000000000000000000000000000000000000000000000000
00000000000000000000000000000000000000000000000000000000000000000000000000000000000000000000000000000000000000000000000000000000
00000000000000000000000000000000000000000000000000000000000000000000000000000000000000000000000000000000000000000000000000000000
00000000000000000000000000000000000000000000000000000000000000000000000000000000000000000000000000000000000000000000000000000000
00000000000000000000000000000000000000000000000000000000000000000000000000000000000000000000000000000000000000000000000000000000
00000000000000000000000000000000000000000000000000000000000000000000000000000000000000000000000000000000000000000000000000000000
00000000000000000000000000000000000000000000000000000000000000000000000000000000000000000000000000000000000000000000000000000000
00000000000000000000000000000000000000000000000000000000000000000000000000000000000000000000000000000000000000000000000000000000
00000000000000000000000000000000000000000000000000000000000000000000000000000000000000000000000000000000000000000000000000000000
00000000000000000000000000000000000000000000000000000000000000000000000000000000000000000000000000000000000000000000000000000000
