#time0col7[msb-lsb],time0col6[msb-lst],....,time0col0[msb-lst]#
#time1col7[msb-lsb],time1col6[msb-lst],....,time1col0[msb-lst]#
#................#
00000000000000000000000000000000000000000000000000000000000000000000000000000000000000000000000000000000000000000000000000000000
00000000000000000000000000000000000000000000000000000000000000000000000000000000000000000000000000000000000000000000000000000000
00000000000000000000000000000000000000000000000000000000000000000000000000000000000000000000000000000000000000000000000000000000
00000000000000000000000000000000000000000000000000000000000000000000000000000000000000000000000000000000000000000000000000000000
00000000000000000000000000000000000000000000000000000000000000000000000000000000000000000000000000000000000000000000000000000000
00000000000000000000000000000000000000000000000000000000000000000000000000000000000000000000000000000000000000000000000000000000
00000000000000000000000000000000000000000000000000000000000000000000000000000000000000000000000000000000000000000000000000000000
00000000000000000000000000000000000000000000000000000000000000000000000000000000000000000000000000000000000000000000000000000000
00000000000000000000000000000000000000000000000000000000000000000000000000000000000000000000000000000000000000000000000000000000
00000000000000000000000000000000000000000000000000000000000000000000000000000000000000000000000000000000000000000000000000000000
00000000000000000000000000000000000000000000000000000000000000000000000000000000000000000000000000000000000000000000000000000000
00000000000000001111111111111100000000000101011100000000000000000000000000000000000000000000000000000000000000000000000000000000
00000000000000000000000000000000000000000010001100000000000000000000000000000000000000000000000000000000000000000000000000000000
00000000000000001111111111111011000000000001101000000000000000000000000000000000000000000000000000000000000000000000000000000000
00000000000000001111111111111110000000000011001000000000000000000000000000000000000000000000000000000000000000000000000000000000
00000000000000001111111111111011000000000101000100000000000000000000000000000000000000000000000000000000000000000000000000000000
00000000000000001111111111111010000000000100111100000000000000000000000000000000000000000000000000000000000000000000000000000000
00000000000000000000000000000000000000000010101000000000000000000000000000000000000000000000000000000000000000000000000000000000
00000000000000000000000000000000000000000000010100000000000000000000000000000000000000000000000000000000000000000000000000000000
00000000000000000000000000000000000000000000000000000000000000000000000000000000000000000000000000000000000000000000000000000000
00000000000000000000000000000000000000000000000000000000000000000000000000000000000000000000000000000000000000000000000000000000
00000000000000001111111111111011000000000101010000000000000000000000000000000000000000000000000000000000000000000000000000000000
00000000000000001111111111111110000000000000100100000000000000000000000000000000000000000000000000000000000000000000000000000000
00000000000000001111111111111110000000000000111100000000000000000000000000000000000000000000000000000000000000000000000000000000
00000000000000001111111111111001000000000001100000000000000000000000000000000000000000000000000000000000000000000000000000000000
00000000000000001111111111110100000000000011000000000000000000000000000000000000000000000000000000000000000000000000000000000000
00000000000000001111111111111000000000000011010000000000000000000000000000000000000000000000000000000000000000000000000000000000
00000000000000001111111111111010000000000000000100000000000000000000000000000000000000000000000000000000000000000000000000000000
00000000000000001111111111111110111111111111101100000000000000000000000000000000000000000000000000000000000000000000000000000000
00000000000000000000000000000000000000000000000000000000000000000000000000000000000000000000000000000000000000000000000000000000
00000000000000000000000000000000000000000000000000000000000000000000000000000000000000000000000000000000000000000000000000000000
00000000000000001111111111111100000000000000111100000000000000000000000000000000000000000000000000000000000000000000000000000000
00000000000000001111111111111010000000000000110100000000000000000000000000000000000000000000000000000000000000000000000000000000
00000000000000001111111111111101111111111111011100000000000000000000000000000000000000000000000000000000000000000000000000000000
00000000000000001111111111111100111111111110010000000000000000000000000000000000000000000000000000000000000000000000000000000000
00000000000000001111111111111010111111111110100000000000000000000000000000000000000000000000000000000000000000000000000000000000
00000000000000001111111111110110000000000000100100000000000000000000000000000000000000000000000000000000000000000000000000000000
00000000000000001111111111111010111111111110111100000000000000000000000000000000000000000000000000000000000000000000000000000000
00000000000000001111111111111011111111111111001000000000000000000000000000000000000000000000000000000000000000000000000000000000
00000000000000000000000000000000000000000000000000000000000000000000000000000000000000000000000000000000000000000000000000000000
00000000000000000000000000000000000000000000000000000000000000000000000000000000000000000000000000000000000000000000000000000000
00000000000000001111111111111010111111111110011100000000000000000000000000000000000000000000000000000000000000000000000000000000
00000000000000001111111111111000111111111111001000000000000000000000000000000000000000000000000000000000000000000000000000000000
00000000000000001111111111111100000000000000000000000000000000000000000000000000000000000000000000000000000000000000000000000000
00000000000000001111111111111100111111111110000100000000000000000000000000000000000000000000000000000000000000000000000000000000
00000000000000001111111111111001111111111110000100000000000000000000000000000000000000000000000000000000000000000000000000000000
00000000000000001111111111111001000000000000100000000000000000000000000000000000000000000000000000000000000000000000000000000000
00000000000000001111111111111110111111111111011000000000000000000000000000000000000000000000000000000000000000000000000000000000
00000000000000001111111111111011000000000000001100000000000000000000000000000000000000000000000000000000000000000000000000000000
00000000000000000000000000000000000000000000000000000000000000000000000000000000000000000000000000000000000000000000000000000000
00000000000000000000000000000000000000000000000000000000000000000000000000000000000000000000000000000000000000000000000000000000
00000000000000001111111111111010111111111110110000000000000000000000000000000000000000000000000000000000000000000000000000000000
00000000000000001111111111111010111111111101111000000000000000000000000000000000000000000000000000000000000000000000000000000000
00000000000000000000000000000000000000000001010000000000000000000000000000000000000000000000000000000000000000000000000000000000
00000000000000001111111111111100111111111111001100000000000000000000000000000000000000000000000000000000000000000000000000000000
00000000000000001111111111111011111111111111010000000000000000000000000000000000000000000000000000000000000000000000000000000000
00000000000000001111111111111111000000000000101000000000000000000000000000000000000000000000000000000000000000000000000000000000
00000000000000001111111111111100111111111111101000000000000000000000000000000000000000000000000000000000000000000000000000000000
00000000000000001111111111111100000000000001010000000000000000000000000000000000000000000000000000000000000000000000000000000000
00000000000000000000000000000000000000000000000000000000000000000000000000000000000000000000000000000000000000000000000000000000
00000000000000000000000000000000000000000000000000000000000000000000000000000000000000000000000000000000000000000000000000000000
00000000000000001111111111111010000000000000111000000000000000000000000000000000000000000000000000000000000000000000000000000000
00000000000000001111111111111110000000000000100100000000000000000000000000000000000000000000000000000000000000000000000000000000
00000000000000000000000000000000000000000100100000000000000000000000000000000000000000000000000000000000000000000000000000000000
00000000000000001111111111111100000000000011110100000000000000000000000000000000000000000000000000000000000000000000000000000000
00000000000000001111111111111110000000000011101100000000000000000000000000000000000000000000000000000000000000000000000000000000
00000000000000001111111111111110000000000100100000000000000000000000000000000000000000000000000000000000000000000000000000000000
00000000000000001111111111111101000000000011001000000000000000000000000000000000000000000000000000000000000000000000000000000000
00000000000000001111111111111010000000000011000100000000000000000000000000000000000000000000000000000000000000000000000000000000
00000000000000000000000000000000000000000000000000000000000000000000000000000000000000000000000000000000000000000000000000000000
00000000000000000000000000000000000000000000000000000000000000000000000000000000000000000000000000000000000000000000000000000000
00000000000000001111111111111011000000000001100100000000000000000000000000000000000000000000000000000000000000000000000000000000
00000000000000001111111111111101000000000010011100000000000000000000000000000000000000000000000000000000000000000000000000000000
00000000000000001111111111111110000000000100110100000000000000000000000000000000000000000000000000000000000000000000000000000000
00000000000000001111111111111111000000000100111100000000000000000000000000000000000000000000000000000000000000000000000000000000
00000000000000000000000000000000000000000010111100000000000000000000000000000000000000000000000000000000000000000000000000000000
00000000000000000000000000000000000000000010110100000000000000000000000000000000000000000000000000000000000000000000000000000000
00000000000000001111111111111011000000000010111100000000000000000000000000000000000000000000000000000000000000000000000000000000
00000000000000001111111111110110000000000011011000000000000000000000000000000000000000000000000000000000000000000000000000000000
00000000000000000000000000000000000000000000000000000000000000000000000000000000000000000000000000000000000000000000000000000000
00000000000000000000000000000000000000000000000000000000000000000000000000000000000000000000000000000000000000000000000000000000
00000000000000001111111111111101000000000011101000000000000000000000000000000000000000000000000000000000000000000000000000000000
00000000000000001111111111111110000000000110010000000000000000000000000000000000000000000000000000000000000000000000000000000000
00000000000000001111111111111111000000000100110100000000000000000000000000000000000000000000000000000000000000000000000000000000
00000000000000001111111111111100000000000010001000000000000000000000000000000000000000000000000000000000000000000000000000000000
00000000000000001111111111111011000000000001010100000000000000000000000000000000000000000000000000000000000000000000000000000000
00000000000000001111111111111001000000000001100000000000000000000000000000000000000000000000000000000000000000000000000000000000
00000000000000001111111111111001000000000011011000000000000000000000000000000000000000000000000000000000000000000000000000000000
00000000000000001111111111111011000000000011100100000000000000000000000000000000000000000000000000000000000000000000000000000000
00000000000000000000000000000000000000000000000000000000000000000000000000000000000000000000000000000000000000000000000000000000
00000000000000000000000000000000000000000000000000000000000000000000000000000000000000000000000000000000000000000000000000000000
00000000000000000000000000000000000000000000000000000000000000000000000000000000000000000000000000000000000000000000000000000000
00000000000000000000000000000000000000000000000000000000000000000000000000000000000000000000000000000000000000000000000000000000
00000000000000000000000000000000000000000000000000000000000000000000000000000000000000000000000000000000000000000000000000000000
00000000000000000000000000000000000000000000000000000000000000000000000000000000000000000000000000000000000000000000000000000000
00000000000000000000000000000000000000000000000000000000000000000000000000000000000000000000000000000000000000000000000000000000
00000000000000000000000000000000000000000000000000000000000000000000000000000000000000000000000000000000000000000000000000000000
00000000000000000000000000000000000000000000000000000000000000000000000000000000000000000000000000000000000000000000000000000000
00000000000000000000000000000000000000000000000000000000000000000000000000000000000000000000000000000000000000000000000000000000
00000000000000000000000000000000000000000000000000000000000000000000000000000000000000000000000000000000000000000000000000000000
