#time0col7[msb-lsb],time0col6[msb-lst],....,time0col0[msb-lst]#
#time1col7[msb-lsb],time1col6[msb-lst],....,time1col0[msb-lst]#
#................#
00000000000000000000000000000000000000000000000000000000000000000000000000000000000000000000000000000000000000000000000000000000
00000000000000000000000000000000000000000000000000000000000000000000000000000000000000000000000000000000000000000000000000000000
00000000000000000000000000000000000000000000000000000000000000000000000000000000000000000000000000000000000000000000000000000000
00000000000000000000000000000000000000000000000000000000000000000000000000000000000000000000000000000000000000000000000000000000
00000000000000000000000000000000000000000000000000000000000000000000000000000000000000000000000000000000000000000000000000000000
00000000000000000000000000000000000000000000000000000000000000000000000000000000000000000000000000000000000000000000000000000000
00000000000000000000000000000000000000000000000000000000000000000000000000000000000000000000000000000000000000000000000000000000
00000000000000000000000000000000000000000000000000000000000000000000000000000000000000000000000000000000000000000000000000000000
00000000000000000000000000000000000000000000000000000000000000000000000000000000000000000000000000000000000000000000000000000000
00000000000000000000000000000000000000000000000000000000000000000000000000000000000000000000000000000000000000000000000000000000
00000000000000000000000000000000000000000000000000000000000000000000000000000000000000000000000000000000000000000000000000000000
00000000000000000000000000000000000000000000000000000000010101110000000000000000000000000000000000000000011010010000000000000000
00000000000000000000000000000000000000000000000000000000100100100000000000000000000000000000000000000000011101110000000000000000
00000000000000000000000000000000000000000000000000000000011010010000000000000000000000000000000000000000100101100000000000000000
00000000000000000000000000000000000000000000000000000000101000000000000000000000000000000000000000000000101000100000000000000000
00000000000000000000000000000000000000000000000000000000011011010000000000000000000000000000000000000000100100010000000000000000
00000000000000000000000000000000000000000000000000000000001010110000000000000000000000000000000000000000011000010000000000000000
00000000000000000000000000000000000000000000000000000000011100000000000000000000000000000000000000000000010111100000000000000000
00000000000000000000000000000000000000000000000000000000101111100000000000000000000000000000000000000000101010010000000000000000
00000000000000000000000000000000000000000000000000000000000000000000000000000000000000000000000000000000000000000000000000000000
00000000000000000000000000000000000000000000000000000000000000000000000000000000000000000000000000000000000000000000000000000000
00000000000000000000000000000000000000000000000000000000000110010000000000000000000000000000000000000000010000000000000000000000
00000000000000000000000000000000000000000000000000000000010001000000000000000000000000000000000000000000010100010000000000000000
00000000000000000000000000000000000000000000000000000000010010110000000000000000000000000000000000000000010110010000000000000000
00000000000000000000000000000000000000000000000011111111111100110000000000000000000000000000000000000000010001000000000000000000
00000000000000000000000000000000000000000000000011111111110110000000000000000000000000000000000000000000011000000000000000000000
00000000000000000000000000000000000000000000000000000000000100110000000000000000000000000000000000000000011000100000000000000000
00000000000000000000000000000000000000000000000011111111111011010000000000000000000000000000000000000000001100110000000000000000
00000000000000000000000000000000000000000000000000000000100001000000000000000000000000000000000000000000100100110000000000000000
00000000000000000000000000000000000000000000000000000000000000000000000000000000000000000000000000000000000000000000000000000000
00000000000000000000000000000000000000000000000000000000000000000000000000000000000000000000000000000000000000000000000000000000
00000000000000000000000000000000000000000000000000000000000010000000000000000000000000000000000000000000001011110000000000000000
00000000000000000000000000000000000000000000000011111111111100000000000000000000000000000000000000000000001101010000000000000000
00000000000000000000000000000000000000000000000000000000000100010000000000000000000000000000000000000000001100110000000000000000
00000000000000000000000000000000000000000000000000000000000001110000000000000000000000000000000000000000001101100000000000000000
00000000000000000000000000000000000000000000000000000000000110110000000000000000000000000000000000000000010111100000000000000000
00000000000000000000000000000000000000000000000000000000001000000000000000000000000000000000000000000000100100010000000000000000
00000000000000000000000000000000000000000000000000000000001101100000000000000000000000000000000000000000011100110000000000000000
00000000000000000000000000000000000000000000000000000000000001110000000000000000000000000000000000000000010001100000000000000000
00000000000000000000000000000000000000000000000000000000000000000000000000000000000000000000000000000000000000000000000000000000
00000000000000000000000000000000000000000000000000000000000000000000000000000000000000000000000000000000000000000000000000000000
00000000000000000000000000000000000000000000000000000000000101000000000000000000000000000000000000000000010101110000000000000000
00000000000000000000000000000000000000000000000011111111111110110000000000000000000000000000000000000000010110000000000000000000
00000000000000000000000000000000000000000000000000000000010110010000000000000000000000000000000000000000011111100000000000000000
00000000000000000000000000000000000000000000000000000000001110000000000000000000000000000000000000000000011001010000000000000000
00000000000000000000000000000000000000000000000000000000000001110000000000000000000000000000000000000000010111010000000000000000
00000000000000000000000000000000000000000000000000000000001100100000000000000000000000000000000000000000011111100000000000000000
00000000000000000000000000000000000000000000000000000000100001100000000000000000000000000000000000000000100010100000000000000000
00000000000000000000000000000000000000000000000011111111111101000000000000000000000000000000000000000000001011010000000000000000
00000000000000000000000000000000000000000000000000000000000000000000000000000000000000000000000000000000000000000000000000000000
00000000000000000000000000000000000000000000000000000000000000000000000000000000000000000000000000000000000000000000000000000000
00000000000000000000000000000000000000000000000000000000010111000000000000000000000000000000000000000000100101000000000000000000
00000000000000000000000000000000000000000000000000000000001100110000000000000000000000000000000000000000011100000000000000000000
00000000000000000000000000000000000000000000000000000000010010000000000000000000000000000000000000000000010000000000000000000000
00000000000000000000000000000000000000000000000000000000001010100000000000000000000000000000000000000000010110110000000000000000
00000000000000000000000000000000000000000000000000000000000101010000000000000000000000000000000000000000010101000000000000000000
00000000000000000000000000000000000000000000000000000000001101110000000000000000000000000000000000000000001111100000000000000000
00000000000000000000000000000000000000000000000000000000000101010000000000000000000000000000000000000000010010000000000000000000
00000000000000000000000000000000000000000000000000000000001010110000000000000000000000000000000000000000010100100000000000000000
00000000000000000000000000000000000000000000000000000000000000000000000000000000000000000000000000000000000000000000000000000000
00000000000000000000000000000000000000000000000000000000000000000000000000000000000000000000000000000000000000000000000000000000
00000000000000000000000000000000000000000000000000000000010101110000000000000000000000000000000000000000100011000000000000000000
00000000000000000000000000000000000000000000000000000000100110010000000000000000000000000000000000000000100100110000000000000000
00000000000000000000000000000000000000000000000000000000001011000000000000000000000000000000000000000000000110000000000000000000
00000000000000000000000000000000000000000000000000000000001010010000000000000000000000000000000000000000010010110000000000000000
00000000000000000000000000000000000000000000000000000000001110110000000000000000000000000000000000000000010001010000000000000000
00000000000000000000000000000000000000000000000000000000001110100000000000000000000000000000000000000000010000000000000000000000
00000000000000000000000000000000000000000000000000000000010010010000000000000000000000000000000000000000010111100000000000000000
00000000000000000000000000000000000000000000000000000000010000010000000000000000000000000000000000000000011101110000000000000000
00000000000000000000000000000000000000000000000000000000000000000000000000000000000000000000000000000000000000000000000000000000
00000000000000000000000000000000000000000000000000000000000000000000000000000000000000000000000000000000000000000000000000000000
00000000000000000000000000000000000000000000000000000000010011000000000000000000000000000000000000000000011100110000000000000000
00000000000000000000000000000000000000000000000000000000001010100000000000000000000000000000000000000000010000010000000000000000
00000000000000000000000000000000000000000000000000000000001011110000000000000000000000000000000000000000001100110000000000000000
00000000000000000000000000000000000000000000000000000000100010010000000000000000000000000000000000000000011101110000000000000000
00000000000000000000000000000000000000000000000000000000100101010000000000000000000000000000000000000000011110010000000000000000
00000000000000000000000000000000000000000000000000000000100100100000000000000000000000000000000000000000011110010000000000000000
00000000000000000000000000000000000000000000000000000000011100100000000000000000000000000000000000000000100110010000000000000000
00000000000000000000000000000000000000000000000000000000000011000000000000000000000000000000000000000000011101100000000000000000
00000000000000000000000000000000000000000000000000000000000000000000000000000000000000000000000000000000000000000000000000000000
00000000000000000000000000000000000000000000000000000000000000000000000000000000000000000000000000000000000000000000000000000000
00000000000000000000000000000000000000000000000000000000110000000000000000000000000000000000000000000000101111000000000000000000
00000000000000000000000000000000000000000000000000000000001110110000000000000000000000000000000000000000001101100000000000000000
00000000000000000000000000000000000000000000000000000000011000110000000000000000000000000000000000000000010101010000000000000000
00000000000000000000000000000000000000000000000000000000100001000000000000000000000000000000000000000000100111100000000000000000
00000000000000000000000000000000000000000000000000000000011010010000000000000000000000000000000000000000100101010000000000000000
00000000000000000000000000000000000000000000000000000000010001100000000000000000000000000000000000000000100011100000000000000000
00000000000000000000000000000000000000000000000000000000001111010000000000000000000000000000000000000000011111100000000000000000
00000000000000000000000000000000000000000000000000000000010111000000000000000000000000000000000000000000011111110000000000000000
00000000000000000000000000000000000000000000000000000000000000000000000000000000000000000000000000000000000000000000000000000000
00000000000000000000000000000000000000000000000000000000000000000000000000000000000000000000000000000000000000000000000000000000
00000000000000000000000000000000000000000000000000000000000000000000000000000000000000000000000000000000000000000000000000000000
00000000000000000000000000000000000000000000000000000000000000000000000000000000000000000000000000000000000000000000000000000000
00000000000000000000000000000000000000000000000000000000000000000000000000000000000000000000000000000000000000000000000000000000
00000000000000000000000000000000000000000000000000000000000000000000000000000000000000000000000000000000000000000000000000000000
00000000000000000000000000000000000000000000000000000000000000000000000000000000000000000000000000000000000000000000000000000000
00000000000000000000000000000000000000000000000000000000000000000000000000000000000000000000000000000000000000000000000000000000
00000000000000000000000000000000000000000000000000000000000000000000000000000000000000000000000000000000000000000000000000000000
00000000000000000000000000000000000000000000000000000000000000000000000000000000000000000000000000000000000000000000000000000000
00000000000000000000000000000000000000000000000000000000000000000000000000000000000000000000000000000000000000000000000000000000
