#time0col7[msb-lsb],time0col6[msb-lst],....,time0col0[msb-lst]#
#time1col7[msb-lsb],time1col6[msb-lst],....,time1col0[msb-lst]#
#................#
00000000000000000000000000000000000000000000000000000000000000000000000000000000000000000000000000000000000000000000000000000000
00000000000000000000000000000000000000000000000000000000000000000000000000000000000000000000000000000000000000000000000000000000
00000000000000000000000000000000000000000000000000000000000000000000000000000000000000000000000000000000000000000000000000000000
00000000000000000000000000000000000000000000000000000000000000000000000000000000000000000000000000000000000000000000000000000000
00000000000000000000000000000000000000000000000000000000000000000000000000000000000000000000000000000000000000000000000000000000
00000000000000000000000000000000000000000000000000000000000000000000000000000000000000000000000000000000000000000000000000000000
00000000000000000000000000000000000000000000000000000000000000000000000000000000000000000000000000000000000000000000000000000000
00000000000000000000000000000000000000000000000000000000000000000000000000000000000000000000000000000000000000000000000000000000
00000000000000000000000000000000000000000000000000000000000000000000000000000000000000000000000000000000000000000000000000000000
00000000000000000000000000000000000000000000000000000000000000000000000000000000000000000000000000000000000000000000000000000000
00000000000000000000000000000000000000000000000000000000000000000000000000000000000000000000000000000000000000000000000000000000
00000000000111001111111111001001000000000011100011111111111001000000000001010100000000000111111011111111100100001111111111000110
00000000000011101111111111000101000000001000110011111111111100100000000001100010000000001000110011111111001011101111111110101101
11111111110101101111111101111110000000000010101000000000001010100000000010101000000000000000111011111111101110101111111101110010
11111111011001101111111110001000000000001000110000000000100110100000000010110110111111111111001011111111101110101111111100111011
11111111111100101111111110000011000000001010100000000000000011100000000011010010000000000100011011111111101011001111111100110110
00000000010011011111111110110110000000000110100111111111101100110000000010000101000000000010001111111111011011011111111101101110
11111111111010111111111111001101111111111100111100000000000101010000000010100001000000000111011111111111011011011111111110110111
11111111111010111111111111001001000000000001010100000000000101010000000010000101000000000011000111111111110011111111111110100000
00000000000000000000000000000000000000000000000000000000000000000000000000000000000000000000000000000000000000000000000000000000
00000000000000000000000000000000000000000000000000000000000000000000000000000000000000000000000000000000000000000000000000000000
00000000011111101111111101101101000000000010101011111111101011000000000001100010000000000111111011111111101110101111111110101111
00000000011000101111111101001101000000000110001011111111100111100000000010110110000000000011100011111111001111001111111111010001
00000000000001111111111101101000000000001011110111111111111110010000000010111101000000000101101111111111011011011111111101010010
11111111110010001111111110101011000000001000110000000000001110000000000010001100000000000111000011111111100100001111111101110000
11111111110101101111111110010001000000001000110000000000001010100000000010011010000000000101010011111111101011001111111101011010
00000000001111111111111111000011000000001000010111111111110000010000000001001101111111111101110111111111110000011111111110101001
00000000001010101111111111010111000000000011100011111111110101100000000001100010000000000100011011111111100100001111111111001000
11111111111100101111111111111011000000000010101000000000000011100000000000111000000000000000111000000000000000001111111110111010
00000000000000000000000000000000000000000000000000000000000000000000000000000000000000000000000000000000000000000000000000000000
00000000000000000000000000000000000000000000000000000000000000000000000000000000000000000000000000000000000000000000000000000000
00000000100110101111111101111001000000000010101011111111100100000000000001110000000000000111111011111111100000101111111110100011
00000000101010001111111101100001000000001000110011111111010110000000000000101010000000000111111011111111110101101111111111000011
00000000100110101111111101001100000000001010100011111111011001100000000010011010000000000000000011111111011001101111111101100110
11111111110101101111111111111111000000000000111000000000001110000000000000101010000000000001110011111111101110101111111111001001
11111111110111011111111111101100000000000011000100000000001000111111111111111001111111111000100100000000010110111111111110110000
11111111111100101111111111010111000000000111000000000000000011100000000000001110111111111001000000000000001110001111111110000110
00000000001110001111111110111000000000001100010011111111110010000000000000111000111111111010110011111111110010001111111101001111
00000000000001111000000000000000000000000101101111111111111110010000000000111111000000000101101111111111111110011111111110010111
00000000000000000000000000000000000000000000000000000000000000000000000000000000000000000000000000000000000000000000000000000000
00000000000000000000000000000000000000000000000000000000000000000000000000000000000000000000000000000000000000000000000000000000
00000000000011101111111110111100000000000001110000000000000000000000000001110000000000000110001011111111100100001111111111000010
00000000001010101111111111001111000000000111000011111111110101101111111111010110000000000000000000000000001010101111111111000010
00000000100100111111111110001010000000000101101111111111011011010000000001101001111111110001100111111111100101111111111111001110
00000000010101001111111111111101000000000000000011111111111001000000000001000110111111111011101011111111100111101111111111010111
00000000000000000000000001010111000000000000000000000000000000001111111110010000000000000000000011111111111001000000000000010111
11111111111001000000000000010000000000000010101000000000000111001111111111100100000000000100011000000000000000001111111111011101
11111111101110101111111110111110000000000011100000000000010001100000000001100010000000000001110000000000010001101111111101010111
00000000000101011111111111111100000000000111011111111111111010110000000000100011000000001001001111111111111010111111111110011001
00000000000000000000000000000000000000000000000000000000000000000000000000000000000000000000000000000000000000000000000000000000
00000000000000000000000000000000000000000000000000000000000000000000000000000000000000000000000000000000000000000000000000000000
00000000000101011111111111001010000000000001010111111111111010110000000001011011000000000011000111111111101001011111111111011010
00000000000111000000000000001001000000000000111011111111111001001111111111100100111111111101011011111111111001001111111111111000
00000000010011010000000000001111000000000000011111111111110000011111111111111001111111111000100111111111110011111111111111110011
00000000001110000000000001010110111111111110010011111111111100101111111111001000111111111111001011111111110010001111111111110110
00000000001100010000000001001100111111111101110100000000000001111111111111000001000000000011000111111111110011110000000000001001
00000000011101110000000000000111000000000000011100000000000001110000000000111111000000001000010111111111100010011111111110111010
00000000001010100000000001000001111111111111001000000000011000100000000000101010000000001011011011111111110101101111111110101011
11111111111100100000000000011001000000000111111000000000001010101111111111100100000000001001101011111111111001001111111110011001
00000000000000000000000000000000000000000000000000000000000000000000000000000000000000000000000000000000000000000000000000000000
00000000000000000000000000000000000000000000000000000000000000000000000000000000000000000000000000000000000000000000000000000000
00000000001110001111111111010000000000000001110011111111111001000000000001100010000000000111111011111111100111101111111111000101
00000000010110111111111111100100000000000100110111111111101001011111111111111001000000000010001111111111110000011111111111001000
00000000001110001111111111111001000000000011100000000000000000000000000000000000000000000110001011111111111001001111111110110111
00000000000111000000000000001011000000000001110000000000010001100000000000011100000000000111111011111111111001001111111110111111
00000000000011100000000000010101000000000010101000000000011000100000000000001110000000000111111011111111111001001111111110110011
00000000011000101111111111010010000000000101010000000000000011100000000001100010000000001001101011111111100111101111111110011010
00000000001000111000000000000000000000000010001100000000000101010000000000100011000000000110100111111111110011111111111110011010
11111111111110011111111111011011000000000101101100000000000001110000000000010101000000000010001111111111111010111111111110000111
00000000000000000000000000000000000000000000000000000000000000000000000000000000000000000000000000000000000000000000000000000000
00000000000000000000000000000000000000000000000000000000000000000000000000000000000000000000000000000000000000000000000000000000
00000000100110101111111110110011000000000100011011111111101110100000000010110110000000001010100011111111001111001111111110011000
00000000011111101111111111100001000000000111111011111111110101100000000000111000000000000111000011111111100000101111111110110111
00000000100001011111111111100101000000001001001111111111111010111111111111101011000000000011111111111111110011111111111110000010
00000000101011111111111111101011000000000111011111111111110011111111111111101011000000000000011111111111110000011111111110000110
00000000000111001111111111100001000000000011100000000000000011100000000000111000000000001001101011111111110010001111111111000101
00000000010011011111111111100100000000000011111111111111111110010000000001001101000000001010111111111111101100111111111110111011
00000000001100011111111111000111000000000010001111111111111010110000000001001101000000000011111111111111110000011111111110111110
11111111111001001111111111001101000000000101010000000000000111000000000000111000111111111111001011111111111100101111111110001010
00000000000000000000000000000000000000000000000000000000000000000000000000000000000000000000000000000000000000000000000000000000
00000000000000000000000000000000000000000000000000000000000000000000000000000000000000000000000000000000000000000000000000000000
00000000010011011111111111010011000000000010001111111111111010110000000001001101000000001000010111111111101100111111111110110110
11111111111110010000000000000010000000000100110100000000011010010000000000100011000000001100101111111111110011111111111110101110
11111111111001000000000000100100000000000010101000000000011111101111111111100100000000001011011011111111110101101111111111000000
00000000001000111111111111111100000000000011000100000000001000111111111111101011000000000011111100000000000101011111111110111110
11111111111110011111111111110001000000000001010100000000000001110000000000000111000000000010001100000000000001111111111111011111
00000000000101011111111111101100000000000011111111111111111010110000000000000111000000000100110111111111111010111111111111010101
00000000001000111111111111101000000000000011111111111111111110010000000000010101000000000101101111111111110011111111111111000101
00000000000111001111111111011111000000000010101000000000000011100000000001000110000000000011100011111111110010001111111110101110
00000000000000000000000000000000000000000000000000000000000000000000000000000000000000000000000000000000000000000000000000000000
00000000000000000000000000000000000000000000000000000000000000000000000000000000000000000000000000000000000000000000000000000000
00000000000000000000000000000000000000000000000000000000000000000000000000000000000000000000000000000000000000000000000000000000
00000000000000000000000000000000000000000000000000000000000000000000000000000000000000000000000000000000000000000000000000000000
00000000000000000000000000000000000000000000000000000000000000000000000000000000000000000000000000000000000000000000000000000000
00000000000000000000000000000000000000000000000000000000000000000000000000000000000000000000000000000000000000000000000000000000
00000000000000000000000000000000000000000000000000000000000000000000000000000000000000000000000000000000000000000000000000000000
00000000000000000000000000000000000000000000000000000000000000000000000000000000000000000000000000000000000000000000000000000000
00000000000000000000000000000000000000000000000000000000000000000000000000000000000000000000000000000000000000000000000000000000
00000000000000000000000000000000000000000000000000000000000000000000000000000000000000000000000000000000000000000000000000000000
00000000000000000000000000000000000000000000000000000000000000000000000000000000000000000000000000000000000000000000000000000000
